STATIONS_ID; MESS_DATUM; QUALITAETS_NIVEAU; LUFTTEMPERATUR;DAMPFDRUCK;BEDECKUNGSGRAD;LUFTDRUCK_STATIONSHOEHE;REL_FEUCHTE; WINDGESCHWINDIGKEIT; LUFTTEMPERATUR_MAXIMUM;LUFTTEMPERATUR_MINIMUM;LUFTTEMP_AM_ERDB_MINIMUM; WINDSPITZE_MAXIMUM; NIEDERSCHLAGSHOEHE;NIEDERSCHLAGSHOEHE_IND;SONNENSCHEINDAUER; SCHNEEHOEHE;eor
     2014;20151126;   3;    4.4;   7.6;   4.9; 1007.78;   90.71;   2.7;    6.7;    1.4;   -2.6;   6.2;   0.0;   0;    2.683;   0;eor
     2014;20151127;   3;    2.9;   6.4;   1.5; 1008.96;   84.83;   4.0;    6.4;    0.5;   -3.6;  10.3;   0.0;   0;    6.633;   0;eor
     2014;20151128;   3;    4.6;   6.6;   6.0; 1001.01;   78.00;   6.3;    7.3;    1.9;    0.3;  12.7;   4.8;   6;    3.400;   0;eor
     2014;20151129;   3;    8.1;   9.0;   7.8;  997.38;   83.38;   7.8;   11.2;    4.7;    3.8;  23.1;  15.1;   6;    0.000;   0;eor
     2014;20151130;   3;    7.1;   8.1;   7.4; 1002.80;   78.46;   6.8;   11.4;    3.6;    3.0;  22.8;  12.4;   6;    0.000;   0;eor
     2014;20151201;   3;    7.1;   8.7;   6.4; 1012.76;   85.88;   4.5;   11.1;    5.3;    3.4;  13.4;   0.5;   6;    1.450;   0;eor
     2014;20151202;   3;   10.6;   9.6;   8.0; 1017.78;   75.33;   4.4;   11.4;    9.0;    6.5;  10.5;   0.0;   0;    0.000;   0;eor
     2014;20151203;   3;    8.8;   7.9;   6.5; 1019.37;   70.25;   3.8;   11.4;    5.8;    2.9;   9.9;   0.0;   6;    4.667;   0;eor
     2014;20151204;   3;    8.4;   8.5;   6.0; 1016.47;   76.71;   5.8;    9.6;    5.8;    3.4;  13.9;   1.8;   6;    2.367;   0;eor
     2014;20151205;   3;    8.3;   6.7;   5.8; 1016.65;   61.67;   6.0;    9.8;    7.1;    3.4;  14.1;   0.0;   0;    0.283;   0;eor
     2014;20151206;   3;    9.6;   8.2;   5.2; 1013.15;   67.50;   6.8;   11.9;    6.8;    3.2;  14.7;   0.0;   6;    0.533;   0;eor
     2014;20151207;   3;   11.0;  11.5;   7.0; 1023.10;   87.21;   3.2;   11.8;    8.8;    6.0;   9.6;   0.0;   0;    0.000;   0;eor
     2014;20151208;   3;    9.7;   9.3;   2.3; 1021.68;   77.17;   3.6;   13.0;    6.8;    2.7;  10.5;   0.7;   6;    6.233;   0;eor
     2014;20151209;   3;    7.6;   8.7;   4.3; 1025.20;   82.54;   4.2;   10.1;    4.3;    0.1;  11.7;   0.0;   0;    3.833;   0;eor
     2014;20151210;   3;    4.8;   6.5;   4.3; 1023.20;   75.17;   5.1;    7.4;    3.0;   -0.7;  10.8;   1.9;   6;    5.867;   0;eor
     2014;20151211;   3;    5.9;   7.7;   7.3; 1012.69;   82.67;   6.3;    8.0;    3.3;    1.1;  15.4;   2.9;   6;    0.000;   0;eor
     2014;20151212;   3;    5.7;   7.6;   5.7; 1011.32;   83.25;   4.8;    9.9;    4.3;    0.9;  14.9;   7.6;   6;    3.600;   0;eor
     2014;20151213;   3;    5.7;   7.9;   6.7; 1010.29;   86.29;   5.5;   10.4;   -0.4;   -3.7;  21.4;   0.0;   6;    1.883;   0;eor
     2014;20151214;   3;    3.7;   7.2;   6.3; 1014.74;   89.04;   2.7;    7.6;   -0.5;   -2.5;   7.9;   0.0;   0;    0.000;   0;eor
     2014;20151215;   3;    6.1;   8.4;   6.4; 1016.33;   89.33;   1.8;    7.7;    2.6;   -0.6;   5.5;   0.0;   0;    0.000;   0;eor
     2014;20151216;   3;    8.6;  10.0;   7.7; 1016.12;   88.92;   4.2;   11.3;    5.8;    4.5;  10.3;   0.9;   6;    0.000;   0;eor
     2014;20151217;   3;   12.5;  12.5;   6.7; 1013.40;   85.92;   3.5;   14.4;   11.1;    7.1;   9.3;   0.5;   6;    0.483;   0;eor
     2014;20151218;   3;   12.3;  11.2;   7.3; 1012.85;   77.92;   4.5;   13.5;   10.3;    7.6;  10.6;   0.0;   6;    0.017;   0;eor
     2014;20151219;   3;   11.8;  10.7;   5.8; 1013.18;   77.25;   3.9;   13.8;    9.8;    5.9;   9.8;   0.0;   0;    3.833;   0;eor
     2014;20151220;   3;   11.7;  10.4;   7.1; 1009.68;   75.17;   4.0;   13.4;   10.0;    5.9;   8.7;   2.4;   6;    0.000;   0;eor
     2014;20151221;   3;   10.8;   9.9;   6.8; 1010.05;   76.13;   6.5;   12.2;    9.8;    8.1;  18.9;   0.6;   6;    2.367;   0;eor
     2014;20151222;   3;   12.5;  11.2;   6.1; 1011.43;   77.17;   6.8;   14.7;    9.8;    7.7;  14.9;   0.2;   6;    0.000;   0;eor
     2014;20151223;   3;   11.1;   9.6;   5.8; 1013.80;   72.00;   6.0;   13.8;    6.4;    0.9;  17.0;   0.5;   6;    2.967;   0;eor
     2014;20151224;   3;    9.7;   9.5;   5.3; 1013.79;   78.50;   5.6;   13.4;    5.3;    0.8;  16.3;   1.0;   6;    1.817;   0;eor
     2014;20151225;   3;    8.9;   9.2;   6.3; 1016.79;   80.04;   4.8;   13.3;    6.9;    4.1;  13.9;   1.3;   6;    1.233;   0;eor
     2014;20151226;   3;   13.8;  11.3;   7.1; 1014.39;   71.33;   7.5;   15.1;   12.2;    9.9;  17.1;   0.0;   0;    2.083;   0;eor
     2014;20151227;   3;   11.6;  10.1;   7.4; 1016.55;   73.96;   5.4;   13.2;    9.3;    6.7;  11.7;   0.1;   6;    0.000;   0;eor
     2014;20151228;   3;   10.4;  11.1;   7.6; 1021.95;   87.88;   3.7;   12.8;    7.7;    7.6;   9.8;   0.1;   6;    2.600;   0;eor
     2014;20151229;   3;    6.4;   8.8;   7.5; 1020.46;   91.79;   5.2;    8.5;    4.1;    2.6;  12.9;   0.0;   0;    1.617;   0;eor
     2014;20151230;   3;    5.6;   7.8;   5.6; 1020.36;   84.75;   4.0;    7.5;    2.5;   -0.1;  10.3;   0.0;   0;    0.000;   0;eor
     2014;20151231;   3;    3.8;   6.8;   4.8; 1013.30;   83.33;   4.9;    5.6;    2.2;   -0.7;  11.3;   3.6;   6;    0.000;   0;eor
     2014;20160101;   3;    4.3;   7.6;   5.7; 1017.35;   91.00;   2.5;    6.5;    1.8;   -1.4;   6.7;   0.0;   6;    0.017;   0;eor
     2014;20160102;   3;    1.4;   6.0;   7.8; 1010.43;   87.92;   7.0;    3.9;   -3.8;   -3.5;  16.1;   0.2;   7;    0.000;   0;eor
     2014;20160103;   3;   -4.1;   3.8;   7.8; 1002.53;   83.58;   7.6;   -3.6;   -4.7;   -4.4;  14.7;   1.1;   7;    0.000;   1;eor
     2014;20160104;   3;   -5.8;   3.3;   7.7;  987.81;   83.42;   6.3;   -4.7;   -6.7;   -6.9;  12.7;   0.7;   8;    0.000;   2;eor
     2014;20160105;   3;   -5.6;   3.5;   8.0;  990.30;   85.88;   6.1;   -5.0;   -6.2;   -6.5;  10.3;   2.8;   8;    0.000;   4;eor
     2014;20160106;   3;   -6.2;   3.2;   8.0;  995.78;   83.63;   5.4;   -5.4;   -7.0;   -7.2;  10.6;   0.0;   7;    0.000;   7;eor
     2014;20160107;   3;   -3.5;   4.2;   8.0;  991.06;   87.58;   5.5;    4.2;   -6.0;   -5.9;  11.3;   2.8;   8;    0.000;   6;eor
     2014;20160108;   3;    4.9;   6.4;   4.5;  992.23;   74.42;   6.5;    6.9;    1.5;   -4.0;  18.3;   0.0;   0;    2.333;   5;eor
     2014;20160109;   3;    2.8;   6.1;   3.6;  994.94;   82.13;   3.7;    6.5;   -0.4;   -5.4;   9.9;   0.0;   0;    3.783;   0;eor
     2014;20160110;   3;    5.5;   7.5;   5.7;  986.84;   82.38;   5.1;    8.3;    3.1;    0.4;  13.4;   3.6;   6;    2.200;   0;eor
     2014;20160111;   3;    4.9;   7.6;   6.9;  982.70;   87.58;   3.4;    5.9;    3.3;   -0.9;   8.2;   4.2;   6;    0.000;   0;eor
     2014;20160112;   3;    5.6;   7.7;   7.0;  985.43;   84.92;   4.1;    6.6;    4.9;    3.3;  11.5;   2.5;   6;    0.283;   0;eor
     2014;20160113;   3;    3.6;   6.8;   7.0;  998.55;   85.50;   4.9;    5.8;    1.2;   -3.2;  16.6;   0.5;   6;    0.000;   0;eor
     2014;20160114;   3;    2.7;   6.2;   5.5; 1000.01;   84.00;   4.8;    4.6;    0.8;   -2.7;  12.9;   1.0;   8;    0.983;   0;eor
     2014;20160115;   3;    1.2;   6.1;   7.9; 1001.12;   91.92;   2.9;    2.3;   -0.2;   -1.2;   6.9;   0.2;   8;    0.000;   0;eor
     2014;20160116;   3;   -0.1;   5.6;   7.6; 1010.78;   92.00;   2.4;    1.0;   -1.6;   -4.4;   6.7;   6.3;   7;    0.000;   0;eor
     2014;20160117;   3;   -2.3;   4.8;   6.8; 1016.07;   93.13;   2.6;   -0.2;   -8.5;  -15.0;   6.2;   0.0;   7;    0.333;  12;eor
     2014;20160118;   3;   -6.2;   3.5;   4.5; 1014.74;   92.08;   1.0;   -2.4;   -9.8;  -14.4;   4.1;   0.0;   0;    6.533;   9;eor
     2014;20160119;   3;   -5.5;   3.3;   4.0; 1008.25;   80.96;   2.2;   -1.0;  -11.3;  -17.3;   7.9;   0.7;   7;    6.667;   7;eor
     2014;20160120;   3;   -0.6;   5.4;   6.4; 1008.88;   92.58;   3.8;    0.9;   -6.2;  -12.6;   8.4;   0.7;   7;    0.000;   8;eor
     2014;20160121;   3;   -6.2;   3.7;   5.1; 1020.26;   94.83;   1.6;   -2.9;  -11.1;  -16.3;   4.1;   0.0;   7;    1.633;   7;eor
     2014;20160122;   3;   -4.9;   3.3;   2.8; 1020.38;   78.08;   3.9;   -0.5;  -12.3;  -16.4;  10.3;   3.2;   6;    7.050;   7;eor
     2014;20160123;   3;    3.6;   7.5;   8.0; 1020.41;   93.63;   4.2;    5.8;   -0.5;   -1.0;   9.6;   0.1;   6;    0.000;   5;eor
     2014;20160124;   3;    5.7;   8.2;   7.5; 1022.23;   89.38;   3.2;    8.5;    3.6;    1.6;   8.4;   2.2;   6;    0.000;   0;eor
     2014;20160125;   3;    9.7;  10.9;   7.0; 1017.36;   89.75;   4.0;   12.6;    8.1;    3.2;  11.1;   0.0;   6;    0.233;   0;eor
     2014;20160126;   3;   10.3;   9.6;   7.3; 1012.64;   76.08;   5.4;   11.4;    8.9;    7.3;  15.9;   0.9;   6;    0.550;   0;eor
     2014;20160127;   3;   10.7;  10.1;   7.8; 1005.48;   79.04;   7.5;   12.7;    8.7;    7.3;  14.9;   2.9;   6;    0.000;   0;eor
     2014;20160128;   3;    6.9;   7.6;   4.0; 1012.40;   75.46;   5.9;   10.6;    3.6;   -0.4;  15.4;   0.0;   6;    6.483;   0;eor
     2014;20160129;   3;    7.1;   7.7;   6.7; 1012.68;   75.71;   7.3;    9.9;    3.1;    0.6;  17.7;   0.1;   6;    0.383;   0;eor
     2014;20160130;   3;    7.4;   8.4;   6.9; 1000.33;   81.50;   7.6;    9.6;    1.6;    0.8;  22.8;   6.7;   8;    0.000;   0;eor
     2014;20160131;   3;    4.2;   6.7;   6.0;  999.90;   80.75;   5.5;    6.0;    2.6;    0.9;  13.5;   3.3;   8;    0.450;   0;eor
     2014;20160201;   3;    9.3;  10.3;   7.5; 1003.92;   88.38;   6.1;   12.1;    5.3;    5.0;  18.9;   4.0;   6;    0.000;   0;eor
     2014;20160202;   3;    8.4;   7.9;   6.4; 1002.44;   71.50;   8.3;   11.5;    5.4;    3.4;  22.1;   0.5;   6;    0.000;   0;eor
     2014;20160203;   3;    4.8;   6.3;   4.3; 1006.42;   74.04;   7.1;    6.5;    2.8;    1.5;  16.1;   0.3;   6;    5.200;   0;eor
     2014;20160204;   3;    3.4;   6.9;   7.0; 1012.23;   88.58;   5.2;    4.3;    2.5;    1.4;  12.5;   1.1;   6;    0.000;   0;eor
     2014;20160205;   3;    5.7;   8.3;   7.6; 1014.66;   89.88;   3.9;    9.2;    2.7;    1.5;   7.9;   2.8;   6;    0.000;   0;eor
     2014;20160206;   3;    9.6;   8.8;   7.0; 1003.98;   73.71;   5.3;   11.7;    7.6;    3.6;  12.3;   0.0;   0;    3.633;   0;eor
     2014;20160207;   3;    9.2;   7.6;   4.9;  993.83;   65.50;   5.6;   12.7;    6.0;    1.4;  12.9;   0.0;   6;    0.167;   0;eor
     2014;20160208;   3;    7.7;   7.4;   5.9;  985.48;   70.54;   9.3;   10.3;    6.1;    3.4;  19.9;   2.0;   6;    1.117;   0;eor
     2014;20160209;   3;    6.7;   7.3;   7.6;  980.20;   75.08;   8.5;    9.6;    0.6;   -0.1;  20.7;   5.1;   8;    0.017;   0;eor
     2014;20160210;   3;    3.9;   6.9;   6.3;  984.03;   85.50;   5.2;    5.4;    2.2;   -0.3;  13.2;   1.4;   6;    0.000;   0;eor
     2014;20160211;   3;    3.9;   6.7;   4.3;  994.33;   82.42;   5.2;    6.8;    1.8;   -1.4;  14.9;   1.9;   6;    4.100;   0;eor
     2014;20160212;   3;    2.6;   6.3;   4.7;  994.33;   85.79;   2.2;    6.1;   -0.1;   -4.4;   5.0;   0.0;   0;    1.533;   0;eor
     2014;20160213;   3;    1.7;   5.6;   3.1;  986.38;   82.21;   4.2;    6.7;   -3.2;   -5.3;  10.5;   0.4;   8;    6.467;   0;eor
     2014;20160214;   3;    1.1;   6.2;   8.0;  983.02;   94.46;   4.3;    2.9;    0.2;   -0.1;  11.3;   3.0;   8;    0.000;   0;eor
     2014;20160215;   3;    0.7;   5.8;   7.8; 1006.96;   90.13;   3.4;    2.0;   -0.9;   -1.5;   9.6;   1.5;   8;    0.000;   0;eor
     2014;20160216;   3;   -1.1;   4.2;   2.8; 1028.34;   76.00;   2.2;    2.3;   -4.8;   -7.4;   5.8;   0.0;   0;    8.133;   0;eor
     2014;20160217;   3;   -0.7;   4.6;   3.5; 1016.56;   79.58;   4.0;    3.8;   -5.9;   -7.7;  10.5;   0.1;   7;    7.300;   0;eor
     2014;20160218;   3;    1.0;   5.6;   6.8; 1008.54;   85.63;   1.8;    2.8;   -1.2;   -5.0;   4.5;   0.2;   8;    0.000;   0;eor
     2014;20160219;   3;    1.3;   5.6;   6.5; 1011.54;   82.96;   2.2;    3.8;   -2.1;   -4.7;   7.0;   0.0;   8;    0.000;   0;eor
     2014;20160220;   3;    5.0;   7.6;   7.2; 1001.67;   85.21;   6.1;    9.5;    0.8;   -1.6;  15.8;   4.9;   6;    0.000;   0;eor
     2014;20160221;   3;    9.3;  10.7;   8.0;  997.82;   90.50;   7.1;   11.4;    7.4;    6.7;  19.5;  13.6;   6;    0.000;   0;eor
     2014;20160222;   3;    6.2;   8.6;   8.0;  996.91;   88.88;   6.6;   10.9;    3.5;    2.7;  19.5;  13.9;   6;    0.000;   0;eor
     2014;20160223;   3;    4.4;   7.0;   5.9; 1002.93;   83.46;   4.9;    7.9;    1.8;    0.3;  12.9;   0.0;   6;    4.000;   0;eor
     2014;20160224;   3;    2.8;   5.7;   4.0; 1007.95;   77.46;   4.3;    6.4;    0.8;   -2.7;  13.4;   0.0;   8;    7.317;   0;eor
     2014;20160225;   3;    1.5;   5.6;   4.1; 1004.58;   82.96;   3.7;    4.6;   -0.8;   -2.7;  13.2;   0.2;   8;    4.283;   0;eor
     2014;20160226;   3;    1.1;   5.4;   4.9; 1005.82;   81.38;   2.7;    4.9;   -1.9;   -5.3;   8.2;   0.0;   0;    3.950;   0;eor
     2014;20160227;   3;    0.4;   4.5;   6.3; 1005.96;   73.21;   3.4;    6.3;   -4.0;   -5.7;   9.8;   0.0;   0;    7.733;   0;eor
     2014;20160228;   3;    0.6;   4.4;   3.8; 1012.00;   70.83;   3.1;    6.3;   -3.7;   -6.5;  10.3;   0.0;   0;    7.650;   0;eor
     2014;20160229;   3;    0.0;   4.4;   3.7; 1016.78;   74.13;   4.2;    5.0;   -3.3;   -5.6;  11.7;   0.0;   0;    7.817;   0;eor
     2014;20160301;   3;   -0.2;   4.9;   5.9; 1009.60;   81.29;   3.3;    3.6;   -6.0;   -8.5;  11.0;   1.4;   8;    2.550;   0;eor
     2014;20160302;   3;    4.7;   7.1;   6.1;  991.23;   82.38;   5.4;    9.5;    2.6;   -3.0;  18.2;   1.0;   6;    1.650;   0;eor
     2014;20160303;   3;    4.3;   6.2;   5.8;  993.48;   74.67;   3.7;    8.1;    1.8;   -1.4;   9.8;   0.0;   8;    0.933;   0;eor
     2014;20160304;   3;    3.7;   6.0;   5.6;  993.31;   76.13;   4.9;    7.1;   -0.5;   -5.7;  13.4;   1.6;   6;    3.883;   0;eor
     2014;20160305;   3;    3.9;   7.6;   7.9;  988.75;   94.67;   2.0;    5.2;    2.7;    1.1;   4.6;   1.6;   6;    0.000;   0;eor
     2014;20160306;   3;    3.6;   6.6;   7.6;  991.60;   84.21;   3.1;    6.3;    1.8;   -0.9;   7.2;   0.1;   6;    0.633;   0;eor
     2014;20160307;   3;    2.5;   5.9;   4.9;  997.43;   82.29;   2.2;    6.4;   -2.4;   -5.7;   6.5;   0.0;   0;    3.917;   0;eor
     2014;20160308;   3;    1.8;   5.6;   2.7; 1006.56;   81.25;   2.6;    6.8;   -3.5;   -7.2;  10.1;   0.0;   0;    5.367;   0;eor
     2014;20160309;   3;    3.4;   5.0;   1.8; 1004.99;   66.88;   5.0;    9.1;   -0.5;   -5.0;  11.8;   0.0;   0;    9.800;   0;eor
     2014;20160310;   3;    3.1;   6.3;   6.0; 1013.50;   81.75;   3.1;    6.8;   -2.1;   -4.2;   8.2;   0.0;   0;    1.300;   0;eor
     2014;20160311;   3;    3.2;   6.0;   7.9; 1022.24;   78.96;   3.8;    4.6;    1.0;    0.3;   7.7;   0.0;   0;    0.000;   0;eor
     2014;20160312;   3;    3.0;   5.5;   7.8; 1025.61;   73.21;   3.5;    3.8;    2.2;    1.2;   7.9;   0.0;   0;    0.000;   0;eor
     2014;20160313;   3;    2.5;   5.5;   7.4; 1029.64;   75.04;   4.5;    6.1;    0.6;   -1.4;   8.7;   0.0;   0;    1.517;   0;eor
     2014;20160314;   3;    3.0;   5.3;   5.0; 1027.37;   70.88;   2.1;    9.7;   -3.7;   -6.5;   5.7;   0.0;   6;    9.683;   0;eor
     2014;20160315;   3;    5.2;   6.9;   6.5; 1021.07;   78.75;   3.7;    9.8;    0.6;   -1.7;  11.0;   0.0;   6;    1.283;   0;eor
     2014;20160316;   3;    4.8;   5.5;   4.1; 1024.80;   64.83;   5.3;    9.5;    0.1;   -3.6;  12.3;   0.0;   0;    7.067;   0;eor
     2014;20160317;   3;    4.5;   5.3;   0.3; 1021.46;   66.04;   2.1;   12.9;   -2.4;   -6.4;   5.8;   0.0;   6;   10.767;   0;eor
     2014;20160318;   3;    4.0;   7.4;   7.3; 1013.67;   90.71;   4.2;    6.7;   -0.5;   -3.7;   9.1;   0.1;   6;    0.000;   0;eor
     2014;20160319;   3;    5.6;   7.2;   7.3; 1013.30;   80.71;   3.3;    9.6;    3.6;    2.9;   9.6;   0.1;   6;    1.633;   0;eor
     2014;20160320;   3;    5.8;   7.6;   6.5; 1009.73;   83.00;   5.8;    9.5;    3.3;    0.5;  12.3;   0.8;   6;    0.650;   0;eor
     2014;20160321;   3;    6.4;   7.9;   7.5; 1008.00;   82.33;   6.1;    8.5;    4.9;    4.1;  13.2;   0.5;   6;    0.183;   0;eor
     2014;20160322;   3;    5.8;   7.9;   7.2; 1004.78;   85.38;   4.5;    9.1;    3.4;    1.5;  12.3;   1.2;   6;    0.300;   0;eor
     2014;20160323;   3;    5.8;   7.2;   5.6; 1003.16;   78.83;   4.7;   10.1;    0.3;   -3.7;  13.2;   0.0;   6;    2.783;   0;eor
     2014;20160324;   3;    5.3;   6.9;   6.6; 1006.13;   78.00;   3.0;    9.7;    0.7;   -0.6;   8.4;   0.7;   6;    5.817;   0;eor
     2014;20160325;   3;    7.0;   9.1;   8.0; 1004.27;   90.46;   3.8;    7.7;    5.9;    4.9;   9.1;   6.1;   6;    0.000;   0;eor
     2014;20160326;   3;    9.1;   8.4;   5.0; 1008.86;   74.38;   5.0;   13.7;    1.8;   -2.5;  12.9;   0.0;   0;   10.750;   0;eor
     2014;20160327;   3;    9.3;   8.1;   5.8; 1001.18;   69.58;   5.8;   11.8;    6.8;    1.0;  13.2;   1.5;   6;    1.667;   0;eor
     2014;20160328;   3;    8.7;   7.7;   4.7;  994.67;   68.63;   7.7;   12.2;    6.2;    1.8;  19.0;   3.4;   6;    2.217;   0;eor
     2014;20160329;   3;    6.5;   7.9;   6.4;  998.25;   81.54;   5.1;   10.1;    3.3;   -1.4;  16.3;   5.3;   6;    1.200;   0;eor
     2014;20160330;   3;    8.3;   7.6;   6.5; 1001.36;   70.42;   4.7;   11.9;    4.2;    1.5;  13.2;   0.0;   6;    3.867;   0;eor
     2014;20160331;   3;    7.0;   7.1;   7.6; 1006.77;   71.71;   2.1;   10.1;    4.0;    1.0;   5.8;   0.0;   0;    0.933;   0;eor
     2014;20160401;   3;    8.2;   6.0;   4.1; 1013.52;   57.75;   2.5;   13.2;    1.6;   -1.1;   6.5;   0.0;   0;   11.467;   0;eor
     2014;20160402;   3;    9.6;   7.8;   5.4; 1011.19;   65.46;   3.3;   16.0;    1.4;   -1.1;   8.1;   0.0;   0;    9.450;   0;eor
     2014;20160403;   3;   14.8;  10.5;   7.0; 1004.23;   63.42;   2.4;   20.5;    7.3;    5.1;   7.7;   1.4;   6;    4.067;   0;eor
     2014;20160404;   3;   14.9;  13.0;   6.8; 1000.40;   77.54;   2.8;   20.1;   10.0;    5.0;  10.6;   1.0;   6;    2.383;   0;eor
     2014;20160405;   3;   11.6;  11.5;   6.4;  999.73;   84.63;   3.2;   15.8;    8.9;    6.7;  14.2;   2.9;   6;    0.000;   0;eor
     2014;20160406;   3;   10.9;   9.1;   5.2; 1000.47;   71.17;   5.4;   14.6;    7.0;    4.2;  18.5;   0.8;   6;    6.650;   0;eor
     2014;20160407;   3;    8.1;   7.1;   2.9; 1000.95;   66.04;   4.9;   12.1;    5.2;    0.0;  14.2;   0.0;   6;    7.700;   0;eor
     2014;20160408;   3;    7.5;   7.2;   4.7; 1004.13;   70.08;   3.1;   11.2;    3.2;   -2.3;   7.7;   0.0;   0;    1.583;   0;eor
     2014;20160409;   3;    8.5;   6.6;   3.7; 1002.95;   62.54;   2.3;   13.9;    0.8;   -3.4;   6.7;   0.0;   0;    6.567;   0;eor
     2014;20160410;   3;   11.2;   7.2;   5.3; 1006.58;   55.38;   4.1;   15.9;    5.2;    1.3;   9.9;   0.0;   0;    8.567;   0;eor
     2014;20160411;   3;    8.9;   7.4;   3.8; 1008.70;   66.96;   4.9;   13.9;    1.9;   -0.7;  12.2;   0.0;   0;    8.917;   0;eor
     2014;20160412;   3;   12.2;   9.7;   5.3; 1003.14;   68.88;   2.6;   17.6;    6.6;    2.4;   6.5;   0.0;   0;    6.867;   0;eor
     2014;20160413;   3;   10.3;   9.4;   6.5; 1001.01;   75.83;   3.1;   14.0;    5.6;    1.3;   8.1;   0.0;   6;    1.183;   0;eor
     2014;20160414;   3;   10.9;   9.2;   5.8; 1003.98;   71.79;   3.1;   15.6;    7.6;    3.4;   6.7;   2.0;   6;    5.283;   0;eor
     2014;20160415;   3;    9.6;   9.9;   6.0;  996.49;   82.83;   3.6;   14.6;    5.8;    2.0;  15.6;   6.8;   6;    0.983;   0;eor
     2014;20160416;   3;   10.6;   8.9;   5.6;  993.79;   70.29;   4.6;   15.3;    6.6;    3.3;  14.7;   0.1;   6;    3.833;   0;eor
     2014;20160417;   3;    6.6;   7.1;   3.8; 1003.47;   74.00;   3.5;   12.2;    2.2;   -2.2;  11.3;   0.0;   6;    7.067;   0;eor
     2014;20160418;   3;    7.8;   6.6;   4.5; 1012.33;   64.25;   4.3;   11.8;    1.5;   -3.9;  11.1;   0.0;   6;    5.467;   0;eor
     2014;20160419;   3;    9.4;   7.5;   5.3; 1016.33;   64.46;   6.4;   14.2;    4.3;    1.9;  15.6;   0.0;   6;    4.383;   0;eor
     2014;20160420;   3;    7.7;   6.9;   2.9; 1022.71;   67.38;   4.3;   11.9;    1.0;   -3.0;  10.1;   0.0;   0;   10.867;   0;eor
     2014;20160421;   3;    7.7;   6.4;   1.3; 1018.23;   65.13;   2.0;   15.3;   -0.6;   -5.1;   7.2;   0.0;   0;   12.800;   0;eor
     2014;20160422;   3;    6.9;   6.6;   5.5; 1012.11;   68.63;   3.3;   13.2;    0.2;   -3.3;   9.8;   0.0;   0;   10.100;   0;eor
     2014;20160423;   3;    4.9;   5.8;   5.5; 1005.45;   68.96;   4.6;   10.2;    0.8;   -1.3;  14.2;   0.0;   6;    4.183;   0;eor
     2014;20160424;   3;    3.1;   6.1;   4.6; 1003.58;   79.92;   4.3;    7.6;   -1.0;   -4.6;  16.1;   0.8;   8;    5.900;   0;eor
     2014;20160425;   3;    4.1;   6.3;   5.6;  998.31;   78.75;   5.1;    9.7;   -0.8;   -3.2;  14.4;   3.1;   6;    3.917;   0;eor
     2014;20160426;   3;    3.4;   6.5;   6.6;  990.09;   83.96;   5.3;    7.3;    1.0;   -0.3;  13.9;   8.8;   8;    3.283;   0;eor
     2014;20160427;   3;    4.0;   7.0;   7.0;  994.86;   86.04;   5.3;    7.1;    2.5;    1.2;  15.1;   3.9;   8;    0.783;   0;eor
     2014;20160428;   3;    5.4;   6.6;   5.0; 1005.60;   74.42;   4.1;   10.5;    1.7;   -1.2;  14.2;   0.3;   8;    4.850;   0;eor
     2014;20160429;   3;    8.5;   6.5;   6.4; 1008.12;   61.50;   5.7;   14.3;    2.1;   -1.3;  14.7;   0.0;   0;    5.267;   0;eor
     2014;20160430;   3;    7.7;   8.1;   7.0; 1011.79;   77.96;   3.1;   11.0;    3.1;   -0.5;   9.3;   0.7;   6;    2.550;   0;eor
     2014;20160501;   3;   10.6;   9.0;   4.0; 1017.85;   72.63;   3.7;   17.9;    4.0;    0.8;   8.7;   0.0;   0;   11.633;   0;eor
     2014;20160502;   3;   13.1;   8.2;   1.6; 1015.97;   59.92;   2.3;   20.0;    3.1;   -1.1;   7.5;   0.0;   0;   13.350;   0;eor
     2014;20160503;   3;    9.7;   9.0;   4.9; 1013.68;   74.67;   3.4;   12.5;    2.4;   -2.1;  12.3;   3.9;   6;    2.433;   0;eor
     2014;20160504;   3;    8.6;   7.1;   3.0; 1021.75;   66.75;   2.1;   15.3;    1.3;   -3.1;   7.2;   0.0;   0;    8.217;   0;eor
     2014;20160505;   3;   11.7;   7.7;   1.8; 1019.22;   58.50;   3.3;   18.5;    2.6;   -0.7;  10.6;   0.0;   0;   13.883;   0;eor
     2014;20160506;   3;   16.5;   9.8;   2.6; 1010.61;   55.75;   4.6;   23.5;    6.9;    3.7;  12.9;   0.0;   0;   13.983;   0;eor
     2014;20160507;   3;   18.2;   9.3;   1.5; 1007.55;   47.83;   5.3;   24.1;    9.2;    4.7;  14.9;   0.0;   0;   14.150;   0;eor
     2014;20160508;   3;   18.1;   9.7;   0.5; 1009.63;   47.88;   6.1;   23.6;    9.8;    6.7;  17.0;   0.0;   0;   14.017;   0;eor
     2014;20160509;   3;   18.5;  10.7;   1.0; 1010.27;   52.67;   6.3;   24.6;   10.2;    7.2;  16.6;   0.0;   0;   14.100;   0;eor
     2014;20160510;   3;   18.3;  10.9;   4.3; 1005.73;   53.83;   5.1;   24.3;   10.8;    8.4;  12.0;   0.0;   0;   12.583;   0;eor
     2014;20160511;   3;   18.2;  10.8;   5.2; 1001.13;   54.42;   5.2;   24.4;   10.7;    7.6;  14.6;   0.0;   0;   12.533;   0;eor
     2014;20160512;   3;   18.3;  11.4;   4.0;  996.24;   56.13;   6.1;   24.6;   10.5;    7.3;  13.9;   0.0;   0;   11.683;   0;eor
     2014;20160513;   3;   15.6;   8.5;   4.8;  996.19;   50.50;   4.2;   22.4;    7.4;    4.0;  12.9;   0.1;   6;   12.083;   0;eor
     2014;20160514;   3;    8.6;   7.2;   6.2; 1002.04;   65.46;   7.0;   12.7;    5.3;    4.2;  14.7;   4.4;   6;    5.417;   0;eor
     2014;20160515;   3;    7.0;   8.0;   5.7; 1008.03;   80.71;   6.0;   11.5;    4.7;    3.2;  17.8;   3.7;   6;    4.483;   0;eor
     2014;20160516;   3;    8.0;   7.6;   5.2; 1010.28;   72.25;   4.2;   12.6;    4.3;    1.4;  11.3;   0.0;   6;    4.750;   0;eor
     2014;20160517;   3;   10.3;   9.1;   6.1; 1008.42;   73.29;   3.8;   15.1;    6.0;    3.4;  11.8;   0.0;   0;    2.400;   0;eor
     2014;20160518;   3;   13.4;  10.0;   5.7; 1003.28;   66.33;   3.0;   18.0;    6.4;    0.6;   8.7;   0.0;   6;    1.600;   0;eor
     2014;20160519;   3;   15.0;  11.1;   5.9; 1003.28;   66.29;   2.5;   21.3;    8.7;    6.7;   7.5;   0.0;   0;    5.067;   0;eor
     2014;20160520;   3;   14.5;  12.3;   7.1; 1009.67;   74.42;   3.6;   17.2;   10.9;    6.4;  14.1;   0.6;   6;    2.800;   0;eor
     2014;20160521;   3;   18.0;  13.2;   6.7; 1008.68;   65.79;   3.7;   22.8;   12.7;    8.2;   9.3;   0.0;   0;    7.883;   0;eor
     2014;20160522;   3;   19.5;  14.0;   6.9; 1001.80;   64.29;   4.2;   27.3;   12.1;    6.8;  17.0;   7.4;   6;   10.767;   0;eor
     2014;20160523;   3;   17.0;  15.4;   6.6; 1002.43;   80.21;   3.8;   21.4;   12.2;   12.2;   9.3;   0.9;   6;    6.833;   0;eor
     2014;20160524;   3;   11.7;  12.1;   7.7; 1006.32;   88.38;   5.5;   14.0;   10.2;   10.2;  10.8;   3.9;   6;    0.017;   0;eor
     2014;20160525;   3;   12.0;  11.3;   7.9; 1008.36;   81.04;   2.2;   14.3;    9.7;    5.2;   5.7;   0.0;   0;    0.000;   0;eor
     2014;20160526;   3;   14.1;  12.1;   4.5; 1009.66;   76.58;   2.1;   19.7;    7.0;    4.2;   6.7;   0.0;   0;    8.900;   0;eor
     2014;20160527;   3;   15.7;  13.5;   5.4; 1009.70;   77.54;   2.3;   21.9;    9.5;    5.5;   6.9;   0.0;   0;    5.350;   0;eor
     2014;20160528;   3;   18.1;  13.8;   5.4; 1007.05;   68.75;   3.4;   23.4;   12.0;   10.6;   8.9;   1.9;   6;    8.200;   0;eor
     2014;20160529;   3;   16.2;  16.9;   7.8; 1001.52;   91.33;   2.9;   19.3;   14.3;   13.4;   7.5;   7.1;   6;    0.350;   0;eor
     2014;20160530;   3;   19.3;  19.3;   6.7;  997.42;   86.54;   3.7;   25.8;   14.3;   11.6;  11.0;   6.4;   8;    7.500;   0;eor
     2014;20160531;   3;   19.2;  16.8;   4.5; 1003.20;   77.92;   2.2;   25.9;   13.7;    9.8;  10.5;  25.7;   6;   11.467;   0;eor
     2014;20160601;   3;   17.7;  19.2;   6.8; 1004.17;   94.42;   2.7;   23.4;   14.4;   12.2;  15.4;  24.3;   6;    0.567;   0;eor
     2014;20160602;   3;   17.9;  18.4;   6.1; 1004.12;   90.25;   2.4;   22.6;   14.2;   10.6;  11.1;   6.6;   6;    2.233;   0;eor
     2014;20160603;   3;   19.6;  16.6;   4.2; 1004.93;   75.13;   2.7;   26.0;   13.9;    9.8;   9.3;   0.0;   6;    8.450;   0;eor
     2014;20160604;   3;   20.3;  16.1;   2.7; 1006.36;   70.13;   2.4;   26.7;   12.6;    9.2;   8.6;   0.0;   6;   10.700;   0;eor
     2014;20160605;   3;   21.4;  16.2;   1.4; 1009.71;   66.50;   2.0;   28.7;   13.4;   10.0;   6.2;   0.2;   6;   12.683;   0;eor
     2014;20160606;   3;   20.4;  16.6;   3.5; 1013.68;   71.46;   2.5;   27.0;   13.6;   10.1;   7.7;   0.0;   6;   10.617;   0;eor
     2014;20160607;   3;   20.8;  14.8;   6.2; 1014.60;   62.21;   2.8;   27.6;   14.4;   10.7;   8.2;   0.4;   6;   10.500;   0;eor
     2014;20160608;   3;   15.3;  13.5;   3.5; 1012.38;   78.46;   4.1;   18.7;   11.6;    8.5;  11.3;   0.0;   6;   11.817;   0;eor
     2014;20160609;   3;   15.0;  13.6;   6.2; 1010.37;   80.63;   3.9;   20.9;    9.7;    5.5;  10.5;   0.0;   6;    5.783;   0;eor
     2014;20160610;   3;   14.3;  11.0;   5.7; 1006.02;   69.29;   3.7;   20.4;    8.4;    4.6;   9.8;   0.0;   0;    7.250;   0;eor
     2014;20160611;   3;   16.0;  10.6;   6.6; 1004.66;   61.50;   1.7;   22.2;   10.1;    8.0;   6.3;   0.0;   6;   11.067;   0;eor
     2014;20160612;   3;   16.5;  13.7;   7.3; 1001.47;   72.79;   3.1;   19.9;   13.3;   12.6;   7.0;   0.4;   6;    0.367;   0;eor
     2014;20160613;   3;   15.5;  15.1;   7.2;  994.66;   86.42;   2.4;   20.2;   11.9;    9.0;   7.7;   4.1;   6;    2.067;   0;eor
     2014;20160614;   3;   16.2;  15.2;   6.9;  991.88;   83.17;   2.8;   20.9;   13.4;   10.9;  10.6;   2.3;   6;    3.350;   0;eor
     2014;20160615;   3;   15.6;  14.2;   6.3;  992.89;   80.83;   2.2;   21.1;   11.7;    8.2;   9.9;   3.6;   6;    5.300;   0;eor
     2014;20160616;   3;   16.3;  13.4;   5.4;  995.92;   73.67;   2.6;   21.3;   11.2;    7.7;   8.2;   0.0;   6;    6.767;   0;eor
     2014;20160617;   3;   15.4;  14.9;   6.4;  997.78;   85.21;   2.9;   19.7;   12.5;   10.0;  11.8;  13.3;   6;    1.683;   0;eor
     2014;20160618;   3;   15.0;  14.5;   6.3; 1007.27;   85.08;   2.8;   19.3;   12.0;    9.4;  13.0;   3.0;   6;    3.367;   0;eor
     2014;20160619;   3;   14.0;  12.8;   6.1; 1014.94;   80.79;   3.1;   16.6;    9.4;    4.6;   7.7;   0.1;   6;    1.900;   0;eor
     2014;20160620;   3;   16.3;  12.6;   4.9; 1011.71;   70.38;   4.2;   22.6;    9.3;    4.3;  10.6;   7.9;   6;    9.617;   0;eor
     2014;20160621;   3;   18.7;  16.8;   6.5; 1011.35;   78.88;   3.6;   23.3;   14.6;   14.2;   9.6;   0.0;   6;    5.167;   0;eor
     2014;20160622;   3;   21.2;  17.7;   4.3; 1015.45;   71.46;   2.7;   26.0;   17.3;   13.3;   7.2;   0.0;   6;    8.600;   0;eor
     2014;20160623;   3;   25.8;  19.2;   2.5; 1012.00;   60.50;   4.5;   32.4;   16.2;   13.0;  20.4;   1.9;   6;   13.417;   0;eor
     2014;20160624;   3;   23.1;  22.1;   5.8; 1010.01;   79.25;   3.3;   28.9;   17.9;   16.1;  13.5;   5.6;   6;    7.017;   0;eor
     2014;20160625;   3;   17.4;  18.9;   7.8; 1006.40;   94.75;   4.3;   20.9;   12.7;   11.7;  13.7;  24.0;   6;    0.250;   0;eor
     2014;20160626;   3;   16.2;  13.2;   3.8; 1009.36;   73.17;   4.0;   21.2;   12.1;    7.7;  10.3;   0.0;   6;    9.883;   0;eor
     2014;20160627;   3;   16.8;  14.0;   4.0; 1010.23;   74.63;   4.1;   22.3;   11.9;    8.9;  10.8;   5.9;   6;    9.450;   0;eor
     2014;20160628;   3;   16.6;  12.3;   5.3; 1009.98;   66.96;   3.0;   21.1;   11.8;   10.9;   7.7;   2.4;   6;   11.117;   0;eor
     2014;20160629;   3;   17.6;  13.7;   6.2; 1004.16;   68.25;   4.6;   21.1;   15.1;   12.1;  14.1;   0.4;   6;    5.767;   0;eor
     2014;20160630;   3;   18.1;  14.8;   7.1; 1005.27;   70.96;   3.6;   22.3;   15.6;   14.3;   9.8;   0.2;   6;    1.050;   0;eor
     2014;20160701;   3;   20.0;  17.0;   6.6; 1005.38;   72.75;   4.2;   23.1;   16.4;   14.1;  11.0;   3.3;   6;    2.500;   0;eor
     2014;20160702;   3;   15.4;  13.8;   6.2; 1005.95;   79.17;   4.3;   20.3;   10.7;    7.9;  18.0;   2.0;   6;    3.117;   0;eor
     2014;20160703;   3;   14.3;  12.0;   3.6; 1011.82;   74.46;   3.8;   19.8;    9.6;    6.1;  14.7;   0.0;   6;    8.683;   0;eor
     2014;20160704;   3;   17.3;  12.6;   3.8; 1012.75;   66.17;   2.2;   22.8;    9.3;    5.5;   9.6;   0.0;   0;   12.917;   0;eor
     2014;20160705;   3;   17.8;  14.9;   5.7; 1006.25;   73.17;   5.6;   21.3;   13.1;    9.9;  19.0;   0.6;   6;    5.400;   0;eor
     2014;20160706;   3;   15.3;  11.4;   5.4; 1010.78;   66.67;   7.2;   19.8;    9.7;    5.6;  15.8;   0.0;   6;    6.600;   0;eor
     2014;20160707;   3;   15.8;  11.9;   3.9; 1013.44;   68.33;   2.6;   22.4;    7.8;    3.9;   9.8;   0.0;   0;   12.300;   0;eor
     2014;20160708;   3;   18.6;  15.0;   6.5; 1007.81;   70.46;   3.8;   23.0;   14.0;   11.1;  15.1;   0.1;   6;    1.300;   0;eor
     2014;20160709;   3;   18.8;  14.7;   5.2; 1010.26;   69.13;   4.5;   22.9;   14.5;   13.2;  11.8;   0.0;   6;    8.067;   0;eor
     2014;20160710;   3;   24.0;  18.5;   6.4; 1004.29;   62.58;   3.7;   29.3;   18.3;   15.5;  10.3;   0.0;   6;    5.950;   0;eor
     2014;20160711;   3;   21.2;  15.5;   6.1; 1001.95;   62.29;   4.7;   23.9;   17.3;   13.8;  13.7;   0.0;   0;    7.867;   0;eor
     2014;20160712;   3;   18.9;  14.0;   4.1; 1004.30;   64.88;   4.2;   24.0;   13.2;    9.4;  12.5;   0.0;   0;    9.650;   0;eor
     2014;20160713;   3;   16.3;  14.7;   6.3; 1005.65;   80.79;   3.6;   22.1;   12.2;    9.3;  -999;  12.1;   6;    4.733;   0;eor
     2014;20160714;   3;   14.8;  13.4;   7.0; 1009.70;   81.29;  -999;   19.4;   12.3;   11.1;  14.7;   1.3;   6;    3.700;   0;eor
     2014;20160715;   3;   14.9;  12.8;   6.5; 1015.36;   76.63;   5.3;   19.5;   11.6;    7.3;  12.3;   0.0;   6;    2.933;   0;eor
     2014;20160716;   3;   17.3;  15.7;   6.8; 1016.02;   79.13;   3.1;   21.0;   10.5;    7.0;   8.4;   5.7;   6;    0.750;   0;eor
     2014;20160717;   3;   19.9;  16.9;   6.5; 1012.69;   74.63;   3.9;   24.8;   14.2;   11.0;  11.8;   0.1;   6;    7.650;   0;eor
     2014;20160718;   3;   19.5;  14.5;   3.9; 1013.74;   65.92;   3.8;   25.5;   13.1;   10.3;  11.8;   0.0;   0;   11.417;   0;eor
     2014;20160719;   3;   20.9;  16.7;   1.8; 1014.33;   69.92;   1.7;   27.7;   12.6;    9.8;   6.2;   0.0;   0;   12.867;   0;eor
     2014;20160720;   3;   24.7;  17.2;   1.7; 1009.15;   59.42;   3.3;   31.6;   16.1;   13.3;  10.5;   0.0;   6;   14.133;   0;eor
     2014;20160721;   3;   23.7;  20.0;   5.6; 1006.50;   69.46;   2.5;   30.1;   17.6;   14.1;  11.5;   0.1;   6;   11.183;   0;eor
     2014;20160722;   3;   20.8;  19.6;   6.3; 1009.60;   80.92;   2.1;   27.4;   15.6;   13.1;   8.7;   0.0;   6;    4.983;   0;eor
     2014;20160723;   3;   19.5;  18.5;   7.6; 1011.64;   81.96;   1.6;   22.5;   16.0;   13.2;   4.1;   0.0;   6;    0.000;   0;eor
     2014;20160724;   3;   23.2;  17.3;   5.8; 1011.47;   63.83;   1.7;   29.6;   16.9;   15.6;   6.3;   0.0;   0;    7.550;   0;eor
     2014;20160725;   3;   23.1;  20.0;   6.1; 1010.81;   72.29;   2.9;   28.3;   18.8;   15.8;   8.7;   0.0;   0;    7.117;   0;eor
     2014;20160726;   3;   20.5;  16.1;   6.0; 1012.84;   69.29;   2.0;   25.8;   15.7;   13.0;   6.7;  13.7;   6;    7.817;   0;eor
     2014;20160727;   3;   19.6;  16.5;   5.8; 1009.20;   74.00;   2.9;   25.2;   15.2;   14.1;  10.3;   0.0;   6;    7.450;   0;eor
     2014;20160728;   3;   19.2;  18.1;   7.1; 1007.71;   81.08;   2.5;   21.9;   17.6;   15.5;   9.6;   5.5;   6;    1.750;   0;eor
     2014;20160729;   3;   19.4;  17.2;   6.3; 1004.65;   76.38;   3.4;   23.4;   17.0;   16.0;  11.0;   0.1;   6;    4.950;   0;eor
     2014;20160730;   3;   19.2;  16.4;   6.1; 1005.05;   73.88;   3.5;   22.9;   16.6;   15.2;   9.8;   2.7;   6;    6.783;   0;eor
     2014;20160731;   3;   16.9;  17.2;   6.6; 1006.08;   89.58;   2.6;   22.0;   13.2;   11.7;  10.1;   7.6;   6;    0.700;   0;eor
     2014;20160801;   3;   15.7;  13.6;   4.8; 1010.46;   77.67;   3.9;   20.4;   11.7;    7.4;  10.6;   0.3;   6;    7.017;   0;eor
     2014;20160802;   3;   15.4;  15.4;   7.3; 1007.93;   88.00;   1.9;   17.8;   11.3;    7.4;   6.7;   1.1;   6;    0.000;   0;eor
     2014;20160803;   3;   18.9;  19.6;   7.8; 1003.11;   89.54;   4.5;   20.8;   16.4;   16.1;  11.1;   1.4;   6;    0.000;   0;eor
     2014;20160804;   3;   18.1;  14.9;   7.0; 1003.66;   72.21;   4.3;   21.7;   15.1;   12.5;  11.3;   0.0;   0;    2.967;   0;eor
     2014;20160805;   3;   17.2;  15.9;   6.2; 1009.36;   81.33;   3.4;   22.6;   13.3;   11.3;  13.7;   2.8;   6;    5.000;   0;eor
     2014;20160806;   3;   16.3;  16.1;   5.6; 1016.97;   87.29;   2.9;   20.2;   13.8;   11.4;  11.8;  11.4;   6;    3.417;   0;eor
     2014;20160807;   3;   19.2;  15.0;   5.4; 1017.22;   69.54;   3.3;   25.5;   11.9;   10.1;  11.0;   0.0;   6;    7.750;   0;eor
     2014;20160808;   3;   18.6;  15.6;   5.9; 1010.79;   72.29;   4.5;   21.8;   12.4;    9.4;  13.2;   0.2;   6;    4.283;   0;eor
     2014;20160809;   3;   14.0;  11.8;   5.8; 1012.63;   74.17;   3.6;   19.0;    9.7;    6.1;  11.3;   0.4;   6;    4.750;   0;eor
     2014;20160810;   3;   12.0;  10.6;   5.1; 1012.92;   76.00;   3.6;   16.5;    7.7;    3.4;  12.9;   0.8;   6;    5.550;   0;eor
     2014;20160811;   3;   12.2;  11.2;   6.1; 1013.72;   79.17;   3.9;   15.2;    6.9;    3.3;  11.3;   0.9;   6;    1.900;   0;eor
     2014;20160812;   3;   17.0;  18.0;   7.6; 1013.21;   92.33;   3.3;   19.8;   12.9;   12.6;  11.3;   0.3;   6;    0.000;   0;eor
     2014;20160813;   3;   18.7;  16.7;   5.2; 1013.57;   77.79;   4.7;   22.2;   15.5;   13.0;  13.0;   0.0;   6;    7.017;   0;eor
     2014;20160814;   3;   17.4;  15.0;   6.2; 1015.76;   76.42;   3.0;   22.5;   14.0;   11.4;   8.7;   0.0;   0;    6.417;   0;eor
     2014;20160815;   3;   15.6;  13.5;   5.3; 1017.16;   77.88;   2.0;   20.6;   10.6;    7.2;   6.7;   0.0;   0;    7.300;   0;eor
     2014;20160816;   3;   15.2;  12.5;   2.8; 1012.77;   74.71;   2.3;   21.8;    7.8;    5.3;   7.5;   0.0;   0;   11.483;   0;eor
     2014;20160817;   3;   15.1;  11.7;   1.6; 1008.83;   71.04;   2.1;   21.8;    7.9;    4.3;   7.4;   0.0;   0;   13.200;   0;eor
     2014;20160818;   3;   16.3;  12.0;   1.2; 1003.86;   68.54;   1.6;   24.1;    7.3;    3.6;   7.2;   0.0;   0;   12.533;   0;eor
     2014;20160819;   3;   19.0;  13.4;   3.0; 1003.55;   64.83;   2.4;   26.4;   10.3;    6.4;   7.0;   0.5;   6;   12.483;   0;eor
     2014;20160820;   3;   19.0;  16.7;   6.3; 1004.75;   76.25;   2.6;   23.1;   14.6;    9.4;   8.2;   0.0;   6;    1.767;   0;eor
     2014;20160821;   3;   17.6;  14.5;   5.1; 1009.35;   72.33;   4.1;   21.7;   15.0;   10.0;  13.2;   0.1;   6;    6.167;   0;eor
     2014;20160822;   3;   17.1;  16.6;   5.5; 1016.93;   85.50;   3.7;   19.8;   14.4;   11.1;   9.9;   1.2;   6;    2.233;   0;eor
     2014;20160823;   3;   19.8;  18.6;   5.7; 1019.20;   81.08;   2.2;   24.8;   14.6;   10.9;   5.7;   0.0;   0;    2.550;   0;eor
     2014;20160824;   3;   23.6;  18.0;   0.5; 1016.43;   65.67;   3.1;   31.3;   15.1;   13.8;   8.2;   0.0;   0;   12.950;   0;eor
     2014;20160825;   3;   25.0;  14.7;   0.5; 1011.22;   50.21;   3.7;   33.2;   16.2;   12.4;  10.6;   0.0;   0;   12.950;   0;eor
     2014;20160826;   3;   26.1;  16.8;   1.8; 1009.20;   50.71;   3.1;   34.0;   17.5;   13.1;   8.1;   0.0;   0;   12.550;   0;eor
     2014;20160827;   3;   22.7;  18.5;   2.9; 1011.85;   69.08;   2.9;   29.7;   15.7;   12.8;   8.9;   0.0;   0;   10.800;   0;eor
     2014;20160828;   3;   24.4;  17.8;   4.8; 1005.61;   61.00;   3.7;   34.4;   17.0;   13.5;  13.9;   0.5;   6;    7.833;   0;eor
     2014;20160829;   3;   17.1;  15.2;   4.5; 1010.89;   77.71;   4.2;   21.0;    9.5;    5.0;  14.9;   0.7;   6;    2.167;   0;eor
     2014;20160830;   3;   15.8;  12.3;   1.2; 1018.46;   72.25;   1.7;   23.0;    8.8;    4.2;   6.2;   0.0;   0;   12.633;   0;eor
     2014;20160831;   3;   19.0;  12.8;   2.0; 1014.20;   62.21;   2.6;   27.3;   10.0;    7.2;  10.3;   0.0;   0;   11.250;   0;eor
     2014;20160901;   3;   17.8;  15.3;   3.7; 1013.89;   77.38;   2.9;   25.6;   12.2;    7.6;  14.7;   7.9;   6;    7.383;   0;eor
     2014;20160902;   3;   18.6;  15.2;   5.6; 1012.50;   73.38;   2.1;   24.8;   11.8;    9.6;   8.2;   0.0;   6;    9.533;   0;eor
     2014;20160903;   3;   18.8;  15.7;   6.9; 1009.37;   73.00;   3.1;   23.0;   15.0;   10.8;  12.0;   0.1;   6;    5.367;   0;eor
     2014;20160904;   3;   17.8;  17.0;   7.0; 1002.83;   83.75;   4.4;   20.6;   14.6;   13.9;  15.1;  13.4;   6;    1.700;   0;eor
     2014;20160905;   3;   16.5;  16.5;   5.8; 1010.44;   88.29;   3.7;   20.7;   11.4;    8.5;   9.1;   0.1;   6;    1.250;   0;eor
     2014;20160906;   3;   16.8;  14.5;   2.6; 1019.30;   78.25;   1.6;   24.4;    9.5;    7.1;   5.7;   0.0;   0;   10.350;   0;eor
     2014;20160907;   3;   19.1;  13.7;   3.7; 1014.70;   65.25;   2.6;   25.5;   11.8;    8.6;   6.5;   0.0;   0;   12.133;   0;eor
     2014;20160908;   3;   21.2;  16.8;   2.2; 1005.69;   69.08;   2.9;   29.0;   13.2;   11.7;   9.1;   0.0;   0;   11.233;   0;eor
     2014;20160909;   3;   18.9;  16.6;   2.8; 1010.20;   77.17;   2.5;   24.2;   14.1;    9.9;   9.9;   0.0;   0;    9.333;   0;eor
     2014;20160910;   3;   20.1;  16.9;   1.3; 1009.19;   74.67;   2.2;   28.8;   12.5;   10.8;   7.7;   0.0;   0;   10.033;   0;eor
     2014;20160911;   3;   20.2;  16.2;   5.5; 1010.75;   70.96;   1.9;   26.2;   14.7;   11.2;   7.2;   0.0;   0;    9.600;   0;eor
     2014;20160912;   3;   22.1;  16.3;   1.4; 1010.93;   64.50;   2.7;   30.8;   13.2;   10.3;   6.7;   0.0;   0;   11.617;   0;eor
     2014;20160913;   3;   23.6;  15.7;   0.2; 1008.95;   57.17;   3.6;   32.0;   16.4;   13.9;   9.8;   0.0;   0;   11.417;   0;eor
     2014;20160914;   3;   22.3;  14.8;   0.7; 1008.37;   57.29;   3.9;   30.4;   15.5;   11.4;  10.8;   0.0;   0;   11.250;   0;eor
     2014;20160915;   3;   20.7;  12.7;   0.8; 1006.69;   54.42;   5.0;   27.6;   14.9;   11.0;  12.2;   0.0;   0;   11.333;   0;eor
     2014;20160916;   3;   17.8;  15.5;   6.3; 1005.75;   76.08;   2.0;   22.3;   14.0;   10.8;   7.5;   1.2;   6;    0.767;   0;eor
     2014;20160917;   3;   16.6;  17.3;   7.6; 1007.74;   91.67;   2.4;   19.1;   14.4;   13.2;   7.0;   3.9;   6;    0.000;   0;eor
     2014;20160918;   3;   15.4;  12.6;   4.2; 1009.61;   73.38;   4.3;   20.5;   11.5;    9.7;  10.8;   0.0;   0;    9.033;   0;eor
     2014;20160919;   3;   12.8;  12.1;   6.9; 1012.14;   81.88;   1.6;   16.4;    9.8;    7.2;   4.1;   0.0;   0;    0.000;   0;eor
     2014;20160920;   3;   13.7;  11.1;   6.3; 1013.21;   71.79;   1.7;   18.4;   10.7;    7.3;   7.2;   0.0;   0;    5.100;   0;eor
     2014;20160921;   3;   14.4;  13.0;   4.9; 1013.53;   80.54;   1.6;   20.2;    6.0;    3.7;   6.2;   0.0;   0;    5.583;   0;eor
     2014;20160922;   3;   15.0;  12.8;   5.0; 1014.44;   77.63;   1.4;   21.8;    9.6;    7.1;   3.6;   0.0;   0;    6.783;   0;eor
     2014;20160923;   3;   15.4;  12.8;   4.5; 1016.20;   75.25;   2.3;   21.7;    9.4;    4.4;   8.2;   0.0;   0;    4.117;   0;eor
     2014;20160924;   3;   14.7;  11.7;   5.0; 1017.22;   73.46;   1.6;   22.4;    6.4;    2.0;   7.7;   0.0;   0;    8.800;   0;eor
     2014;20160925;   3;   17.5;  12.2;   3.8; 1012.08;   64.21;   3.6;   24.9;    9.3;    6.5;  10.8;   0.0;   0;   10.650;   0;eor
     2014;20160926;   3;   15.9;  14.5;   5.6; 1015.59;   80.88;   2.3;   20.1;   12.4;   10.6;   5.7;   0.0;   6;    1.333;   0;eor
     2014;20160927;   3;   15.3;  12.8;   2.4; 1018.30;   76.46;   1.3;   22.0;    8.3;    4.9;   5.7;   0.0;   0;    9.017;   0;eor
     2014;20160928;   3;   18.0;  13.1;   5.5; 1014.66;   63.25;   5.4;   20.8;   14.0;   10.3;  14.1;   0.0;   0;    1.967;   0;eor
     2014;20160929;   3;   19.5;  13.9;   6.7; 1007.18;   62.71;   6.0;   24.2;   13.2;   12.8;  15.6;   1.6;   6;    6.583;   0;eor
     2014;20160930;   3;   14.4;  12.7;   6.2; 1006.07;   77.38;   3.3;   18.2;    9.2;    3.7;  10.8;   0.1;   6;    3.400;   0;eor
     2014;20161001;   3;   12.4;  12.7;   6.8; 1003.02;   87.79;   2.1;   14.0;    9.7;    4.8;  10.3;   0.3;   6;    0.000;   0;eor
     2014;20161002;   3;   12.6;  11.9;   6.1; 1003.97;   81.96;   3.5;   16.9;   10.8;    6.2;  14.9;   4.4;   6;    1.900;   0;eor
     2014;20161003;   3;   11.6;  12.5;   6.5; 1015.93;   91.75;   3.0;   15.6;    8.7;    5.3;   7.5;   0.0;   6;    1.633;   0;eor
     2014;20161004;   3;   12.1;  10.6;   2.9; 1027.10;   75.33;   4.8;   16.5;    7.4;    5.3;  11.1;   0.0;   0;    8.017;   0;eor
     2014;20161005;   3;    8.5;   8.1;   2.4; 1026.33;   73.83;   4.0;   13.6;    3.5;    0.9;  11.7;   0.0;   6;    5.517;   0;eor
     2014;20161006;   3;    9.6;  10.2;   7.5; 1017.05;   84.63;   4.5;   12.0;    7.3;    5.9;   9.6;   0.0;   6;    0.000;   0;eor
     2014;20161007;   3;   11.4;  11.7;   7.5; 1014.38;   86.96;   4.1;   14.9;    6.3;    3.4;   9.9;   0.6;   6;    1.267;   0;eor
     2014;20161008;   3;    7.7;   9.4;   4.8; 1016.79;   89.71;   3.0;   12.1;    2.8;   -0.7;   9.8;   1.8;   6;    1.800;   0;eor
     2014;20161009;   3;    5.9;   9.1;   5.7; 1017.57;   96.71;   1.9;   10.7;    0.3;   -1.4;   6.7;   1.5;   6;    0.033;   0;eor
     2014;20161010;   3;    7.9;   9.7;   6.0; 1016.81;   91.42;   1.4;   12.2;    3.6;    0.6;   3.1;   0.4;   6;    1.900;   0;eor
     2014;20161011;   3;    8.0;  10.2;   7.5; 1014.18;   95.13;   2.4;   11.3;    5.5;    5.3;   9.6;   1.4;   6;    0.000;   0;eor
     2014;20161012;   3;    7.5;   9.4;   8.0; 1015.19;   90.83;   4.5;    9.2;    6.4;    6.0;   8.7;   0.0;   6;    0.033;   0;eor
     2014;20161013;   3;    7.6;   9.2;   7.8; 1013.49;   87.79;   5.7;    9.1;    6.4;    4.8;  10.8;   0.0;   6;    0.000;   0;eor
     2014;20161014;   3;    8.2;   8.8;   7.5; 1005.93;   81.29;   6.6;   10.6;    6.2;    6.0;  13.0;   0.0;   0;    0.400;   0;eor
     2014;20161015;   3;   11.0;  11.4;   7.5; 1005.56;   86.42;   3.1;   14.4;    7.7;    6.7;   9.9;   0.0;   6;    0.300;   0;eor
     2014;20161016;   3;   11.9;  11.6;   2.1; 1014.63;   84.63;   2.7;   17.6;    5.8;    2.7;   8.6;   0.0;   0;    9.250;   0;eor
     2014;20161017;   3;   12.6;  13.1;   7.0; 1014.56;   90.00;   3.1;   17.4;    9.3;    7.9;   8.7;   0.7;   6;    2.033;   0;eor
     2014;20161018;   3;   12.1;  12.3;   5.9; 1011.92;   87.96;   3.0;   16.2;    8.0;    3.5;   9.6;   2.5;   6;    4.233;   0;eor
     2014;20161019;   3;    7.5;   9.6;   6.6; 1005.40;   92.13;   3.9;    9.6;    6.5;    2.6;   9.1;  29.3;   6;    0.150;   0;eor
     2014;20161020;   3;    6.8;   9.6;   7.4; 1005.72;   96.83;   2.9;    8.3;    5.1;    3.3;   8.6;   1.1;   6;    0.000;   0;eor
     2014;20161021;   3;    6.8;   9.8;   7.8; 1005.93;   99.17;   2.6;    8.0;    5.3;    5.1;   8.4;   5.0;   6;    0.000;   0;eor
     2014;20161022;   3;    6.3;   9.1;   6.8; 1006.65;   95.21;   1.7;    8.6;    1.6;   -0.5;   5.1;   0.2;   6;    0.000;   0;eor
     2014;20161023;   3;    4.9;   7.3;   1.7; 1007.78;   86.63;   2.5;   11.2;    0.0;   -2.3;   7.2;   0.0;   0;    7.383;   0;eor
     2014;20161024;   3;    6.1;   9.2;   8.0; 1008.84;   97.67;   3.7;    7.9;    2.4;    1.7;   7.7;   8.3;   6;    0.000;   0;eor
     2014;20161025;   3;    7.0;   9.8;   6.7; 1015.43;   97.96;   2.0;    9.3;    1.5;   -0.2;   5.7;   0.3;   6;    0.000;   0;eor
     2014;20161026;   3;    6.0;   8.7;   6.6; 1021.74;   92.58;   1.2;   10.0;    0.2;   -0.6;   5.0;   0.0;   6;    0.400;   0;eor
     2014;20161027;   3;   10.8;  11.6;   7.3; 1023.08;   89.54;   3.3;   12.5;    8.2;    5.4;   8.7;   0.0;   0;    0.000;   0;eor
     2014;20161028;   3;   12.0;  12.9;   7.3; 1022.37;   91.67;   4.8;   12.8;   10.2;    8.9;  11.3;   0.7;   6;    0.000;   0;eor
     2014;20161029;   3;    9.3;  10.0;   4.6; 1024.77;   86.17;   3.8;   13.5;    5.3;    2.6;  11.1;   0.0;   0;    3.950;   0;eor
     2014;20161030;   3;   10.0;  11.2;   7.3; 1023.28;   90.75;   2.5;   13.0;    7.6;    6.7;   5.3;   0.1;   6;    0.300;   0;eor
     2014;20161031;   3;   10.3;  11.5;   6.4; 1021.19;   91.75;   1.8;   12.7;    5.3;    2.2;   5.7;   0.0;   6;    0.000;   0;eor
     2014;20161101;   3;    8.2;  10.4;   5.3; 1012.02;   94.92;   2.9;   12.0;    4.0;    2.0;   9.3;   2.2;   6;    0.100;   0;eor
     2014;20161102;   3;    6.1;   8.4;   4.6; 1007.70;   89.50;   5.5;    9.4;    2.0;    0.0;  18.2;   1.3;   6;    2.717;   0;eor
     2014;20161103;   3;    5.5;   8.3;   6.5; 1012.79;   92.13;   2.0;    8.4;    2.0;   -0.2;   5.5;   0.1;   6;    0.267;   0;eor
     2014;20161104;   3;    7.2;   8.1;   7.1; 1005.49;   80.04;   3.9;    9.7;    5.3;    3.1;   8.6;   0.3;   6;    3.833;   0;eor
     2014;20161105;   3;    6.3;   8.8;   6.6;  993.21;   91.17;   3.2;    7.9;    4.4;    0.6;   8.6;   2.4;   6;    0.000;   0;eor
     2014;20161106;   3;    6.3;   8.3;   7.1;  991.41;   87.17;   3.1;    7.6;    5.0;    2.1;   9.3;   0.5;   6;    0.000;   0;eor
     2014;20161107;   3;    4.2;   7.9;   8.0;  999.36;   95.29;   3.4;    5.8;    2.1;    2.0;   8.2;  15.2;   8;    0.000;   0;eor
     2014;20161108;   3;    0.1;   6.1;   6.8; 1001.19;   98.38;   3.1;    2.1;   -3.1;   -5.5;   7.2;   1.9;   7;    0.000;   3;eor
     2014;20161109;   3;    1.8;   6.2;   6.9;  998.01;   89.25;   2.8;    4.4;   -1.7;   -2.8;   6.2;   2.5;   8;    3.750;   3;eor
     2014;20161110;   3;    2.9;   7.3;   7.8;  999.07;   97.00;   2.4;    4.0;    2.0;    1.1;   6.7;   0.0;   6;    0.000;   0;eor
     2014;20161111;   3;    0.4;   6.0;   6.8; 1011.78;   94.13;   3.4;    2.3;   -3.3;   -5.9;   8.6;   0.0;   0;    0.000;   0;eor
     2014;20161112;   3;   -0.5;   5.5;   6.1; 1019.58;   93.17;   2.8;    1.6;   -1.6;   -3.0;   6.3;   0.0;   0;    3.967;   0;eor
     2014;20161113;   3;   -0.1;   5.1;   5.1; 1021.55;   84.58;   3.3;    2.7;   -3.3;   -7.3;   7.5;   0.0;   0;    0.417;   0;eor
     2014;20161114;   3;    1.1;   4.6;   4.4; 1024.76;   71.79;   3.3;    4.6;   -5.1;   -9.0;   8.4;   0.0;   6;    5.917;   0;eor
     2014;20161115;   3;    6.3;   9.1;   8.0; 1015.20;   93.46;   4.1;    9.8;    2.8;    2.4;   8.6;   2.2;   6;    0.000;   0;eor
     2014;20161116;   3;   10.3;  11.8;   7.1; 1006.47;   94.54;   4.0;   12.9;    7.4;    5.5;  10.1;  11.0;   6;    0.183;   0;eor
     2014;20161117;   3;    9.3;  10.1;   6.8;  996.44;   86.92;   4.4;   11.9;    7.5;    6.9;  12.2;   8.3;   6;    0.700;   0;eor
     2014;20161118;   3;    7.6;   8.6;   5.5;  990.57;   82.46;   5.4;   11.7;    5.1;    3.5;  15.1;   4.8;   6;    2.367;   0;eor
     2014;20161119;   3;    5.7;   7.2;   3.4;  999.06;   77.83;   3.9;    8.3;    3.4;   -0.5;  10.6;   1.1;   6;    1.217;   0;eor
     2014;20161120;   3;    8.8;   8.1;   5.1;  993.81;   70.63;   7.9;   13.1;    3.5;    0.9;  20.4;   0.4;   6;    1.467;   0;eor
     2014;20161121;   3;   12.1;   9.3;   6.3;  996.40;   66.08;   4.2;   15.4;    8.4;    5.6;  10.3;   0.0;   6;    0.483;   0;eor
     2014;20161122;   3;   12.1;   9.9;   6.6; 1003.59;   70.29;   3.1;   14.4;    8.0;    4.4;   8.2;   0.0;   6;    0.017;   0;eor
     2014;20161123;   3;    7.7;   9.7;   5.2; 1011.57;   92.21;   1.2;   13.2;    2.1;    0.4;   3.6;   0.0;   6;    2.450;   0;eor
     2014;20161124;   3;    4.5;   8.1;   5.1; 1017.47;   95.96;   3.0;    6.3;   -1.1;   -2.9;   7.5;   0.0;   0;    1.000;   0;eor
     2014;20161125;   3;    1.0;   6.5;   7.8; 1018.01;   98.54;   3.6;    2.2;   -0.6;   -0.3;   7.7;   0.0;   0;    0.267;   0;eor
     2014;20161126;   3;    0.0;   6.0;   8.0; 1012.80;   98.42;   2.1;    4.1;   -1.4;   -1.0;   7.5;   0.1;   6;    0.000;   0;eor
     2014;20161127;   3;    3.7;   7.5;   4.4; 1012.19;   93.33;   3.5;    7.2;   -2.7;   -4.9;   7.2;   0.1;   6;    4.483;   0;eor
     2014;20161128;   3;   -2.1;   4.5;   0.5; 1023.66;   86.96;   2.2;    2.6;   -6.8;  -10.1;   5.1;   0.0;   0;    6.667;   0;eor
     2014;20161129;   3;   -3.6;   4.2;   1.5; 1027.18;   88.25;   1.4;    1.6;   -7.9;  -11.3;   4.3;   0.0;   0;    6.600;   0;eor
     2014;20161130;   3;    1.8;   5.5;   5.6; 1020.87;   76.92;   4.4;    5.0;   -3.7;   -7.5;  10.8;   0.0;   6;    0.017;   0;eor
     2014;20161201;   3;    6.6;   9.0;   7.8; 1012.85;   92.17;   7.1;    8.2;    4.8;    4.3;  14.6;   1.6;   6;    0.000;   0;eor
     2014;20161202;   3;    3.6;   6.4;   2.1; 1013.60;   80.00;   4.2;    8.1;   -3.3;   -6.8;  14.7;   0.0;   0;    6.450;   0;eor
     2014;20161203;   3;   -1.0;   5.3;   0.9; 1019.20;   93.75;   0.7;    5.6;   -4.9;   -8.6;   2.6;   0.0;   0;    6.367;   0;eor
     2014;20161204;   3;   -2.4;   4.8;   1.5; 1022.36;   93.50;   1.4;    3.3;   -5.9;   -9.3;   3.6;   0.0;   0;    6.183;   0;eor
     2014;20161205;   3;   -2.8;   4.2;   0.3; 1020.18;   86.04;   1.2;    4.2;   -6.9;  -10.9;   2.6;   0.0;   0;    6.367;   0;eor
     2014;20161206;   3;   -2.8;   4.3;   2.4; 1024.20;   86.88;   1.6;    3.4;   -8.1;  -11.0;   6.2;   0.0;   0;    6.333;   0;eor
     2014;20161207;   3;    2.6;   6.0;   6.4; 1022.72;   80.13;   3.5;    8.9;   -2.3;   -4.5;   7.9;   0.0;   6;    0.133;   0;eor
     2014;20161208;   3;    8.8;   6.9;   6.9; 1018.83;   61.13;   3.9;   11.2;    6.8;    3.6;  10.8;   1.0;   6;    1.250;   0;eor
     2014;20161209;   3;    8.7;  10.7;   7.3; 1018.01;   94.75;   4.5;   11.0;    6.2;    5.4;  10.3;   0.1;   6;    0.000;   0;eor
     2014;20161210;   3;    8.5;   9.8;   6.7; 1013.68;   88.21;   3.9;   10.2;    7.6;    6.0;  11.3;  14.0;   6;    0.000;   0;eor
     2014;20161211;   3;    7.9;   9.8;   7.7; 1007.62;   92.38;   6.3;    9.7;    6.5;    5.7;  19.9;   1.4;   6;    0.000;   0;eor
     2014;20161212;   3;    6.5;   9.3;   7.8; 1016.53;   96.08;   3.7;    7.7;    5.1;    3.6;  10.8;   1.3;   6;    0.000;   0;eor
     2014;20161213;   3;    6.1;   8.8;   7.3; 1016.86;   93.25;   2.5;    7.3;    4.7;    1.3;   5.8;   2.2;   6;    0.583;   0;eor
     2014;20161214;   3;    7.2;   9.8;   7.3; 1017.68;   96.21;   2.3;    8.5;    5.2;    2.8;   5.8;   0.0;   0;    1.233;   0;eor
     2014;20161215;   3;    4.2;   7.9;   7.9; 1021.59;   94.08;   5.0;    7.0;    1.4;    0.5;  11.3;   0.0;   0;    0.000;   0;eor
     2014;20161216;   3;    1.1;   5.9;   6.1; 1023.40;   89.13;   3.7;    3.2;   -3.2;   -5.2;  10.3;   0.0;   0;    0.000;   0;eor
     2014;20161217;   3;    1.0;   6.4;   5.8; 1028.70;   96.13;   1.6;    5.4;   -3.8;   -6.3;   5.7;   0.1;   6;    0.000;   0;eor
     2014;20161218;   3;    5.9;   9.1;   7.7; 1026.08;   98.00;   3.2;    6.5;    5.3;    4.4;   8.2;   1.4;   6;    0.000;   0;eor
     2014;20161219;   3;    4.2;   7.9;   7.5; 1023.44;   95.88;   2.6;    5.8;    2.1;    0.0;   8.7;   0.0;   0;    0.000;   0;eor
     2014;20161220;   3;    0.6;   5.8;   7.0; 1019.20;   91.25;   4.8;    2.3;   -0.5;   -2.5;  10.1;   0.0;   0;    0.000;   0;eor
     2014;20161221;   3;    1.9;   5.8;   3.7; 1018.36;   82.96;   4.5;    4.7;   -0.9;   -5.0;   9.1;   0.2;   6;    3.950;   0;eor
     2014;20161222;   3;    3.3;   7.2;   7.9; 1020.81;   92.08;   3.9;    4.8;    1.9;    1.4;   8.2;   3.0;   6;    0.000;   0;eor
     2014;20161223;   3;    5.2;   7.8;   6.2; 1022.54;   88.67;   4.4;    7.4;    3.6;    1.2;  13.0;   0.7;   6;    0.333;   0;eor
     2014;20161224;   3;    6.8;   8.2;   7.3; 1013.56;   82.92;   6.6;    8.3;    4.7;    4.0;  15.6;   0.6;   6;    0.433;   0;eor
     2014;20161225;   3;    8.9;  10.6;   8.0; 1012.10;   92.17;   6.5;   10.6;    7.3;    6.5;  15.9;   0.8;   6;    0.000;   0;eor
     2014;20161226;   3;    8.2;   9.0;   5.6; 1014.86;   79.88;   8.5;   11.1;    4.8;    3.3;  20.4;   1.7;   6;    0.617;   0;eor
     2014;20161227;   3;    6.8;   7.9;   6.8; 1026.90;   79.67;   8.8;    8.7;    4.8;    3.5;  17.7;   0.0;   6;    0.417;   0;eor
     2014;20161228;   3;    5.5;   8.1;   7.3; 1034.93;   89.46;   3.9;    6.7;    4.0;    2.8;  11.3;   0.0;   0;    0.000;   0;eor
     2014;20161229;   3;    3.2;   6.2;   3.2; 1033.50;   80.71;   1.7;    6.6;   -2.9;   -6.5;   5.7;   0.0;   0;    6.117;   0;eor
     2014;20161230;   3;    0.2;   5.4;   0.8; 1028.90;   88.21;   1.8;    5.3;   -3.9;   -8.2;   6.2;   0.0;   0;    6.167;   0;eor
     2014;20161231;   3;    1.3;   6.0;   4.4; 1022.58;   88.54;   2.8;    4.9;   -3.9;   -7.8;   6.9;   0.0;   6;    0.950;   0;eor
     2014;20170101;   3;    2.0;   6.0;   7.3; 1010.84;   84.38;   3.5;    5.0;   -0.3;   -1.4;   8.7;   2.8;   8;    0.000;   0;eor
     2014;20170102;   3;    1.2;   6.4;   6.8; 1011.31;   96.54;   4.0;    2.6;    0.2;   -0.8;   8.2;   0.3;   8;    0.083;   2;eor
     2014;20170103;   3;    3.0;   7.1;   7.7; 1009.52;   92.83;   6.7;    4.6;    1.7;    0.9;  17.7;   8.9;   6;    0.000;   0;eor
     2014;20170104;   3;    3.1;   6.5;   5.0; 1000.92;   83.17;   8.3;    6.4;   -0.7;   -2.3;  21.8;   4.5;   8;    0.250;   0;eor
     2014;20170105;   3;   -3.5;   3.5;   2.0; 1022.89;   73.83;   3.5;   -0.4;   -8.7;  -12.0;   8.7;   0.0;   0;    4.300;   0;eor
     2014;20170106;   3;   -7.3;   2.8;   2.0; 1033.22;   79.92;   1.7;   -3.8;  -11.0;  -14.2;   5.7;   0.0;   0;    6.367;   0;eor
     2014;20170107;   3;   -2.4;   4.3;   7.7; 1022.68;   81.75;   4.3;    0.3;   -5.4;   -6.6;   9.4;   0.9;   6;    0.000;   0;eor
     2014;20170108;   3;    1.1;   6.6;   8.0; 1021.94;  100.00;   2.3;    1.8;    0.2;   -0.2;   5.7;   0.7;   8;    0.000;   0;eor
     2014;20170109;   3;    1.2;   5.7;   7.3; 1016.40;   85.71;   3.4;    2.3;    0.3;   -0.8;   8.9;   0.0;   6;    0.067;   0;eor
     2014;20170110;   3;    2.3;   6.0;   7.5; 1003.25;   83.33;   4.5;    3.0;    1.1;   -0.1;  10.8;   0.0;   0;    0.000;   0;eor
     2014;20170111;   3;    3.6;   6.7;   6.4;  996.36;   84.21;   6.6;    6.3;    2.1;    1.0;  16.3;   4.6;   6;    0.117;   0;eor
     2014;20170112;   3;    4.4;   6.5;   6.5;  994.99;   78.50;   6.4;    5.9;    1.9;    1.4;  17.5;  10.4;   8;    0.433;   0;eor
     2014;20170113;   3;    1.1;   6.2;   6.9;  984.63;   93.83;   6.0;    2.1;    0.2;   -0.3;  12.9;   4.4;   8;    0.250;   3;eor
     2014;20170114;   3;    1.6;   6.4;   6.9;  997.84;   92.92;   6.7;    3.1;    0.2;   -0.4;  15.4;   1.5;   8;    2.050;   0;eor
     2014;20170115;   3;   -0.8;   5.4;   4.3; 1010.02;   93.92;   4.4;    1.5;   -3.8;   -7.4;  10.8;   0.1;   7;    0.917;   0;eor
     2014;20170116;   3;   -3.8;   4.6;   8.0; 1020.37;   99.46;   1.6;   -2.0;   -5.6;   -6.4;   3.1;   0.0;   0;    0.000;   0;eor
     2014;20170117;   3;   -4.0;   4.4;   7.9; 1029.98;   97.79;   1.3;   -3.0;   -5.0;   -5.1;   2.7;   0.0;   0;    0.000;   0;eor
     2014;20170118;   3;   -2.8;   4.5;   7.1; 1033.01;   90.13;   1.3;   -1.5;   -4.8;   -7.4;   4.1;   0.0;   0;    0.050;   0;eor
     2014;20170119;   3;   -0.7;   4.3;   5.8; 1031.18;   75.29;   1.3;    3.7;   -3.3;   -4.5;   4.1;   0.0;   0;    5.200;   0;eor
     2014;20170120;   3;    0.4;   5.4;   6.2; 1028.71;   86.04;   0.9;    3.8;   -2.3;   -4.8;   5.1;   0.0;   6;    6.183;   0;eor
     2014;20170121;   3;    1.1;   5.9;   4.6; 1024.90;   89.63;   2.3;    4.8;   -2.5;   -4.4;   7.7;   0.0;   0;    2.333;   0;eor
     2014;20170122;   3;   -2.9;   4.9;   5.9; 1020.59;   99.17;   2.4;   -1.7;   -3.9;   -6.0;   6.2;   0.0;   7;    0.000;   0;eor
     2014;20170123;   3;   -2.3;   5.2;   8.0; 1018.87;   99.25;   1.8;   -0.7;   -4.3;   -3.9;   4.1;   0.0;   7;    0.000;   0;eor
     2014;20170124;   3;   -0.3;   5.7;   7.8; 1021.78;   95.00;   1.8;    1.4;   -0.8;   -0.9;   4.1;   0.0;   0;    0.350;   0;eor
     2014;20170125;   3;   -0.6;   5.2;   6.6; 1024.77;   89.29;   2.1;    1.5;   -2.7;   -5.2;   5.1;   0.0;   7;    0.850;   0;eor
     2014;20170126;   3;   -0.7;   5.0;   2.1; 1020.76;   86.21;   4.0;    1.8;   -3.1;   -4.9;   9.9;   0.0;   0;    5.867;   0;eor
     2014;20170127;   3;   -0.1;   4.4;   2.4; 1014.38;   73.21;   3.9;    5.2;   -5.3;   -7.4;   9.1;   0.0;   0;    6.850;   0;eor
     2014;20170128;   3;   -0.3;   4.8;   4.4; 1011.06;   81.63;   2.6;    4.0;   -4.2;   -5.8;   5.1;   0.0;   6;    7.283;   0;eor
     2014;20170129;   3;    4.2;   6.2;   6.4; 1011.75;   75.96;   4.2;    7.0;    2.7;   -0.2;   8.9;   0.0;   6;    2.417;   0;eor
     2014;20170130;   3;    3.4;   7.3;   8.0; 1004.06;   93.58;   4.0;    4.7;    0.8;   -0.6;   8.7;  14.9;   6;    0.000;   0;eor
     2014;20170131;   3;    0.9;   6.5;   8.0; 1009.04;   99.08;   2.6;    1.7;    0.2;    0.0;   7.2;   0.0;   6;    0.000;   0;eor
     2014;20170201;   3;    1.4;   6.0;   6.9; 1011.27;   89.21;   4.5;    2.6;    0.2;   -1.9;  12.7;   0.0;   6;    0.000;   0;eor
     2014;20170202;   3;    4.2;   7.4;   4.5; 1003.14;   88.92;   3.7;    8.5;    0.2;   -1.4;   7.7;   0.0;   6;    4.700;   0;eor
     2014;20170203;   3;    4.0;   8.1;   6.4;  997.69;   98.29;   2.6;    7.4;   -0.4;   -1.5;   6.7;   2.5;   6;    0.000;   0;eor
     2014;20170204;   3;    5.6;   7.8;   4.8;  994.98;   86.33;   3.1;    9.4;    2.3;   -0.1;   9.6;   0.6;   6;    2.400;   0;eor
     2014;20170205;   3;    3.0;   7.5;   8.0;  997.37;   99.29;   2.5;    4.3;    2.0;    1.7;   6.2;   0.6;   6;    0.000;   0;eor
     2014;20170206;   3;    1.2;   6.3;   7.8; 1011.40;   93.29;   3.9;    2.8;   -1.2;   -2.1;   9.8;   0.0;   0;    0.000;   0;eor
     2014;20170207;   3;   -0.8;   4.7;   7.7; 1015.10;   80.71;   5.8;   -0.2;   -1.6;   -2.1;  11.5;   0.2;   7;    0.000;   0;eor
     2014;20170208;   3;   -1.8;   4.1;   8.0; 1020.22;   77.13;   5.8;   -0.9;   -3.2;   -3.2;   9.6;   0.0;   7;    0.000;   0;eor
     2014;20170209;   3;   -2.9;   3.8;   7.5; 1023.60;   76.54;   5.2;   -1.2;   -3.8;   -4.7;   9.6;   0.0;   7;    0.033;   0;eor
     2014;20170210;   3;   -2.7;   3.9;   7.9; 1019.02;   77.38;   6.1;   -0.5;   -4.2;   -3.9;  11.8;   0.0;   7;    0.000;   0;eor
     2014;20170211;   3;   -0.8;   4.4;   7.7; 1017.73;   76.21;   5.8;    0.3;   -2.2;   -3.5;  10.8;   0.0;   0;    0.000;   0;eor
     2014;20170212;   3;   -0.8;   4.2;   6.6; 1023.83;   72.13;   5.8;    0.8;   -3.0;   -4.6;  11.1;   0.0;   0;    0.000;   0;eor
     2014;20170213;   3;   -1.0;   4.2;   0.2; 1027.44;   75.08;   5.3;    4.8;   -4.8;   -6.2;   9.6;   0.0;   0;    8.383;   0;eor
     2014;20170214;   3;   -0.4;   4.5;   0.0; 1026.01;   76.50;   3.8;    5.7;   -5.2;   -7.5;   8.2;   0.0;   0;    8.483;   0;eor
     2014;20170215;   3;    3.2;   5.3;   0.0; 1025.60;   71.00;   1.3;   12.0;   -3.4;   -7.5;   5.1;   0.0;   0;    8.667;   0;eor
     2014;20170216;   3;    6.5;   7.6;   4.5; 1021.00;   78.79;   2.6;   10.9;   -0.4;   -3.2;   8.7;   0.0;   6;    3.017;   0;eor
     2014;20170217;   3;    5.6;   8.8;   7.3; 1015.53;   96.29;   4.0;    6.8;    4.2;    2.0;  10.3;   1.1;   6;    0.000;   0;eor
     2014;20170218;   3;    3.9;   7.4;   6.5; 1018.91;   91.25;   2.9;    5.1;    1.2;   -3.9;   6.3;   0.0;   0;    0.000;   0;eor
     2014;20170219;   3;    4.5;   7.5;   6.5; 1012.84;   87.96;   3.8;    6.6;    0.9;   -3.2;   8.7;   1.1;   6;    0.000;   0;eor
     2014;20170220;   3;    8.1;  10.2;   8.0; 1005.95;   94.13;   6.0;   10.3;    5.9;    5.2;  16.3;   1.2;   6;    0.000;   0;eor
     2014;20170221;   3;    8.1;   9.1;   6.7; 1003.52;   83.13;   6.3;    9.9;    5.4;    1.6;  14.6;   0.6;   6;    0.783;   0;eor
     2014;20170222;   3;    8.7;  10.2;   8.0;  994.96;   89.71;   7.5;   11.0;    6.2;    4.8;  21.3;  10.3;   6;    0.000;   0;eor
     2014;20170223;   3;    7.5;   9.0;   7.5;  986.55;   86.58;   6.8;    9.9;    5.3;    4.3;  21.3;  18.5;   6;    0.267;   0;eor
     2014;20170224;   3;    3.3;   6.6;   5.2;  999.43;   85.29;   7.1;    6.7;    0.8;   -1.2;  22.6;   1.0;   6;    3.200;   0;eor
     2014;20170225;   3;    4.0;   6.4;   6.1; 1010.29;   79.79;   4.2;    7.4;    0.1;   -2.4;  12.3;   1.2;   6;    1.433;   0;eor
     2014;20170226;   3;    8.5;   8.4;   7.3; 1002.74;   74.92;   5.5;   10.7;    6.5;    5.0;  11.8;   0.0;   6;    0.150;   0;eor
     2014;20170227;   3;   11.0;   8.6;   6.8;  993.16;   65.54;   6.4;   14.2;    8.6;    7.6;  16.6;   0.6;   6;    2.567;   0;eor
     2014;20170228;   3;    6.7;   6.6;   6.4;  983.78;   68.13;   6.5;    9.5;    2.6;    1.4;  19.4;   0.4;   6;    2.883;   0;eor
     2014;20170301;   3;    4.3;   7.2;   6.3;  991.25;   86.29;   4.1;    6.8;    1.5;   -1.9;  11.1;   5.2;   6;    0.700;   0;eor
     2014;20170302;   3;    5.4;   7.8;   6.9;  996.48;   87.04;   6.2;    6.6;    3.9;    1.4;  19.0;   2.4;   6;    0.000;   0;eor
     2014;20170303;   3;    7.1;   6.7;   6.4; 1001.37;   67.42;   3.7;   10.6;    3.2;    0.5;   8.2;   0.0;   6;    4.867;   0;eor
     2014;20170304;   3;   10.4;   7.9;   7.5;  988.20;   62.46;   3.6;   16.0;    5.8;    2.4;  12.0;   0.1;   6;    3.233;   0;eor
     2014;20170305;   3;    8.5;   8.0;   6.9;  991.43;   72.83;   4.9;   12.4;    6.1;    3.3;  13.9;   0.9;   6;    2.667;   0;eor
     2014;20170306;   3;    6.1;   8.5;   7.7;  993.76;   90.04;   2.3;    9.1;    4.2;    1.9;   7.9;   1.5;   6;    1.217;   0;eor
     2014;20170307;   3;    3.5;   7.2;   7.9; 1006.26;   91.25;   1.9;    4.3;    2.4;    2.4;   6.7;   0.0;   6;    0.000;   0;eor
     2014;20170308;   3;    5.2;   7.8;   7.8; 1008.62;   88.21;   4.2;    8.1;    2.5;   -0.1;  15.3;   8.7;   6;    0.000;   0;eor
     2014;20170309;   3;    7.4;   8.9;   6.5; 1008.86;   86.88;   4.8;   11.8;    4.3;    1.1;  16.3;   2.7;   6;    2.317;   0;eor
     2014;20170310;   3;    6.6;   7.8;   6.1; 1018.17;   80.50;   4.7;    9.9;    3.2;   -0.4;  11.8;   0.0;   6;    1.033;   0;eor
     2014;20170311;   3;    6.1;   7.1;   5.5; 1017.10;   77.08;   2.7;   11.9;    1.9;   -0.3;   8.1;   0.0;   0;    3.800;   0;eor
     2014;20170312;   3;    4.6;   6.4;   4.4; 1013.57;   77.21;   4.7;    9.4;   -0.6;   -2.4;  11.7;   0.0;   0;    7.667;   0;eor
     2014;20170313;   3;    5.6;   6.5;   5.3; 1017.60;   73.38;   2.7;   12.5;   -1.2;   -3.0;   6.2;   0.0;   0;    5.750;   0;eor
     2014;20170314;   3;    9.1;   9.2;   7.0; 1021.88;   79.79;   4.1;   13.4;    3.9;    2.6;  11.5;   0.0;   6;    2.083;   0;eor
     2014;20170315;   3;    9.1;   8.4;   6.7; 1022.46;   73.42;   4.8;   12.6;    3.0;   -0.6;  12.5;   0.0;   0;    6.833;   0;eor
     2014;20170316;   3;    8.4;   7.2;   3.9; 1015.95;   67.67;   2.5;   15.2;    1.0;   -3.0;   9.1;   0.0;   0;   10.583;   0;eor
     2014;20170317;   3;    7.8;   7.3;   5.9; 1004.55;   69.29;   5.4;   10.5;    4.1;   -0.7;  14.2;   5.3;   6;    1.700;   0;eor
     2014;20170318;   3;    6.9;   8.0;   6.7;  995.91;   80.04;   7.6;   10.6;    2.5;   -0.8;  20.1;   1.7;   6;    2.483;   0;eor
     2014;20170319;   3;    7.8;  10.2;   7.5;  998.38;   94.17;   4.6;   12.3;    2.1;   -2.1;  16.8;  14.7;   6;    0.000;   0;eor
     2014;20170320;   3;   10.8;  11.5;   8.0;  997.88;   88.50;   5.9;   12.5;    9.6;    8.9;  13.2;   2.0;   6;    0.000;   0;eor
     2014;20170321;   3;    7.9;   8.3;   6.6; 1000.60;   76.46;   4.8;   11.5;    2.3;   -2.7;  13.4;   1.2;   6;    2.317;   0;eor
     2014;20170322;   3;    6.4;   5.7;   5.3; 1009.06;   61.58;   3.1;   11.7;    0.8;   -4.3;   8.7;   0.0;   6;    9.617;   0;eor
     2014;20170323;   3;    6.7;   7.8;   7.2; 1012.50;   79.38;   4.4;    9.0;    3.7;    1.3;   7.9;   0.0;   6;    0.000;   0;eor
     2014;20170324;   3;    6.4;   6.4;   3.3; 1023.31;   70.33;   3.1;   13.0;    0.2;   -2.4;   9.6;   0.0;   0;   11.267;   0;eor
     2014;20170325;   3;    6.4;   6.2;   4.9; 1022.72;   68.75;   2.3;   13.8;   -1.5;   -3.7;   8.7;   0.0;   0;   10.200;   0;eor
     2014;20170326;   3;    6.4;   7.7;   5.5; 1019.36;   82.58;   2.1;   12.6;    0.6;   -1.7;   6.7;   0.0;   0;    6.117;   0;eor
     2014;20170327;   3;   10.0;   6.4;   1.3; 1017.80;   57.21;   1.8;   18.6;    1.1;   -1.5;   5.1;   0.0;   0;   11.533;   0;eor
     2014;20170328;   3;   12.3;   7.6;   2.3; 1013.43;   55.92;   2.7;   20.0;    3.1;   -1.1;  10.5;   0.0;   6;   11.550;   0;eor
     2014;20170329;   3;   12.0;  10.7;   6.8; 1015.07;   76.00;   4.4;   13.9;   10.3;    7.2;  12.5;   0.2;   6;    0.017;   0;eor
     2014;20170330;   3;   15.7;  11.8;   6.5; 1016.38;   67.71;   3.0;   21.2;   11.4;    6.2;   9.6;   0.0;   6;    3.333;   0;eor
     2014;20170331;   3;   16.6;  10.7;   6.2; 1007.75;   58.46;   3.7;   23.3;   11.2;    4.8;   9.3;   0.0;   0;    8.850;   0;eor
     2014;20170401;   3;   14.2;  12.3;   7.2; 1004.97;   77.67;   1.9;   20.5;    7.8;    4.5;   8.7;   8.7;   6;    6.433;   0;eor
     2014;20170402;   3;   11.7;  10.9;   4.4; 1011.96;   80.63;   2.7;   17.2;    6.8;    4.1;   9.9;   0.0;   6;    4.417;   0;eor
     2014;20170403;   3;    8.1;   8.5;   4.8; 1019.71;   79.79;   2.4;   11.9;    3.6;   -0.3;   6.7;   0.0;   6;    2.950;   0;eor
     2014;20170404;   3;    8.2;   8.0;   3.2; 1018.03;   75.42;   2.3;   14.0;    2.0;   -1.5;   7.7;   0.0;   0;    7.933;   0;eor
     2014;20170405;   3;    7.6;   8.0;   6.2; 1016.01;   77.38;   4.5;   11.2;    3.2;   -0.3;  13.4;   0.9;   6;    2.800;   0;eor
     2014;20170406;   3;    7.9;   7.7;   5.9; 1017.20;   72.79;   6.1;   12.0;    4.9;    3.7;  14.2;   0.0;   0;    4.967;   0;eor
     2014;20170407;   3;    9.9;   9.9;   6.9; 1014.98;   80.21;   6.6;   13.6;    5.2;    3.8;  13.4;   0.0;   6;    0.183;   0;eor
     2014;20170408;   3;    9.8;  10.1;   6.5; 1017.28;   83.67;   2.6;   13.3;    3.6;   -0.3;   6.7;   0.0;   6;    0.217;   0;eor
     2014;20170409;   3;   11.7;   9.5;   1.4; 1015.77;   71.83;   1.2;   20.1;    1.8;   -1.8;   4.6;   0.0;   0;   11.567;   0;eor
     2014;20170410;   3;   10.3;   8.5;   5.1; 1011.02;   67.63;   5.3;   13.4;    4.7;    2.8;  13.4;   0.0;   6;    2.533;   0;eor
     2014;20170411;   3;    8.0;   7.4;   7.0; 1015.35;   69.88;   4.9;   11.6;    3.5;    1.9;  14.1;   0.3;   6;    1.883;   0;eor
     2014;20170412;   3;    9.5;   8.9;   7.8; 1005.87;   75.50;   6.0;   12.1;    7.7;    6.9;  14.2;   5.5;   6;    0.033;   0;eor
     2014;20170413;   3;    8.2;   8.0;   6.4; 1004.82;   74.08;   5.6;   12.0;    4.4;    1.4;  14.7;   0.3;   6;    1.183;   0;eor
     2014;20170414;   3;    7.6;   7.7;   5.3; 1007.62;   74.58;   3.8;   11.8;    3.2;    0.6;  11.8;   1.5;   6;    5.167;   0;eor
     2014;20170415;   3;    8.3;   7.9;   6.0; 1004.06;   72.58;   6.3;   11.9;    5.0;    3.3;  18.3;   1.3;   6;    3.567;   0;eor
     2014;20170416;   3;    6.5;   7.4;   5.1; 1008.75;   77.67;   5.1;   11.8;    4.1;    2.4;  12.7;   5.6;   8;    4.467;   0;eor
     2014;20170417;   3;    5.1;   7.2;   5.1; 1009.35;   82.58;   3.0;   10.0;    1.0;   -1.1;  15.3;   3.0;   8;    4.483;   0;eor
     2014;20170418;   3;    3.5;   5.9;   5.8; 1018.21;   75.29;   4.2;    7.4;   -0.4;   -3.0;  12.9;   0.0;   6;    0.333;   0;eor
     2014;20170419;   3;    2.9;   4.7;   3.2; 1027.96;   64.38;   3.3;    8.0;   -2.1;   -5.3;  10.3;   0.0;   0;    6.550;   0;eor
     2014;20170420;   3;    4.6;   4.7;   4.9; 1027.70;   58.04;   1.9;   10.6;   -4.1;   -7.6;   7.2;   0.0;   0;   10.717;   0;eor
     2014;20170421;   3;    9.6;   8.3;   7.0; 1018.65;   67.79;   5.1;   13.8;    4.8;    1.7;  18.7;   2.0;   6;    0.767;   0;eor
     2014;20170422;   3;    6.5;   6.9;   4.8; 1014.25;   72.38;   6.5;   10.4;    3.1;    1.2;  16.1;   0.0;   6;    4.217;   0;eor
     2014;20170423;   3;    5.2;   6.5;   5.4; 1014.87;   73.88;   5.6;    9.8;    1.0;   -3.2;  12.3;   0.1;   6;    2.933;   0;eor
     2014;20170424;   3;    8.0;   7.5;   5.6; 1005.94;   70.75;   4.6;   14.2;    1.2;   -3.6;  14.1;   3.1;   6;    2.867;   0;eor
     2014;20170425;   3;    5.6;   7.1;   5.3;  998.93;   78.13;   4.4;   10.1;    2.3;   -1.5;  15.3;   0.7;   6;    5.183;   0;eor
     2014;20170426;   3;    5.3;   6.0;   3.6; 1004.61;   68.96;   2.9;   10.6;   -0.3;   -3.7;  12.2;   0.0;   6;   10.233;   0;eor
     2014;20170427;   3;    5.7;   5.7;   3.5; 1007.60;   65.21;   2.7;   11.5;   -1.6;   -4.8;  10.1;   0.0;   6;    7.583;   0;eor
     2014;20170428;   3;    6.7;   7.2;   5.0; 1006.52;   73.21;   2.9;   12.2;    0.1;   -3.9;  13.5;   0.4;   6;    5.567;   0;eor
     2014;20170429;   1;    7.1;   6.6;   4.5; 1010.45;   67.25;   2.9;   11.7;    2.3;   -1.5;   9.3;   0.0;   0;    5.350;   0;eor
     2014;20170430;   1;    9.3;   5.8;   1.9; 1008.99;   53.63;   6.3;   15.7;   -0.7;   -2.8;  16.3;   0.0;   0;   13.683;   0;eor
     2014;20170501;   1;   11.4;   7.7;   6.4; 1005.70;   57.79;   5.8;   16.2;    4.8;    3.6;  12.3;   0.1;   6;    6.850;   0;eor
     2014;20170502;   1;    9.3;   9.3;   7.8; 1009.45;   80.38;   5.4;   11.7;    7.8;    7.2;  14.1;   7.0;   6;    0.000;   0;eor
     2014;20170503;   1;   11.7;  10.4;   7.3; 1013.81;   76.67;   4.8;   16.2;    8.2;    7.7;  10.6;   0.0;   6;    4.083;   0;eor
     2014;20170504;   1;    8.0;   9.2;   7.8; 1013.25;   86.17;   4.7;    9.4;    6.7;    5.5;  10.8;   2.0;   6;    0.067;   0;eor
     2014;20170505;   1;    7.8;   9.8;   8.0; 1013.39;   92.96;   2.3;    9.1;    6.4;    6.2;   6.0;   0.0;   6;    0.000;   0;eor
     2014;20170506;   1;   11.5;  11.4;   6.9; 1008.06;   83.96;   3.6;   15.4;    7.7;    7.0;  11.0;   0.0;   0;    2.167;   0;eor
     2014;20170507;   1;   13.3;  11.1;   6.3; 1006.38;   74.33;   3.0;   19.0;    7.4;    6.4;   8.9;   0.0;   6;    3.300;   0;eor
     2014;20170508;   1;    7.8;   8.7;   6.4; 1011.06;   81.92;   4.3;   11.5;    0.9;   -2.1;  10.1;   0.4;   6;    1.050;   0;eor
     2014;20170509;   1;    6.7;   5.9;   4.9; 1011.86;   62.50;   2.5;   12.2;   -1.0;   -3.4;   8.2;   0.0;   0;    7.583;   0;eor
     2014;20170510;   1;    7.1;   7.2;   6.0; 1003.00;   72.33;   2.7;   12.3;    2.0;   -1.2;   8.6;   0.0;   0;    6.317;   0;eor
     2014;20170511;   1;   12.7;   8.8;   4.1;  995.76;   62.38;   4.4;   21.4;    1.3;   -1.1;  10.1;   2.0;   6;   11.500;   0;eor
     2014;20170512;   1;   15.3;  13.7;   7.4;  995.96;   78.92;   2.2;   20.2;   11.1;    7.6;   6.3;   0.4;   6;    2.167;   0;eor
     2014;20170513;   1;   16.1;  13.9;   6.1; 1003.47;   77.71;   2.6;   23.2;    8.6;    6.5;   9.3;   0.5;   6;    7.567;   0;eor
     2014;20170514;   1;   16.4;  12.6;   5.0; 1012.95;   70.63;   2.2;   22.2;    9.9;    6.6;  11.8;   0.0;   6;    7.417;   0;eor
     2014;20170515;   1;   15.4;  10.5;   4.0; 1021.10;   62.67;   2.6;   20.7;   10.2;    8.6;   8.2;   0.0;   6;   12.217;   0;eor
     2014;20170516;   1;   18.2;  12.4;   7.5; 1020.57;   59.54;   2.9;   21.9;   14.3;   10.1;   7.2;   0.0;   6;    0.300;   0;eor
     2014;20170517;   1;   22.3;  14.7;   5.0; 1013.18;   55.58;   4.1;   27.5;   16.7;   15.8;  11.1;   0.0;   0;   11.317;   0;eor
     2014;20170518;   1;   20.3;  17.1;   6.6; 1004.22;   73.04;   3.2;   26.1;   16.0;   14.4;   9.4;   5.9;   6;    7.400;   0;eor
     2014;20170519;   1;   16.0;  15.9;   7.5; 1003.58;   87.42;   4.2;   20.6;   10.8;   10.3;  12.3;   2.2;   6;    1.000;   0;eor
     2014;20170520;   1;   14.2;  11.1;   3.9; 1013.40;   70.42;   3.4;   19.0;    8.7;    3.7;   8.9;   0.0;   0;   12.000;   0;eor
     2014;20170521;   1;   14.5;   9.8;   3.7; 1019.14;   63.21;   1.6;   21.0;    5.7;    2.0;   6.5;   0.0;   0;   12.983;   0;eor
     2014;20170522;   1;   16.1;  10.6;   4.0; 1013.50;   61.04;   2.1;   22.4;    7.0;    2.9;   6.2;   0.0;   0;    9.417;   0;eor
     2014;20170523;   1;   17.4;  12.3;   5.5; 1009.45;   62.42;   4.2;   23.8;   11.0;    9.6;  14.7;   0.0;   6;    5.283;   0;eor
     2014;20170524;   1;   13.8;  10.4;   6.0; 1014.88;   67.08;   4.5;   17.9;    8.7;    6.9;  11.8;   0.0;   6;    5.383;   0;eor
     2014;20170525;   1;   14.4;  12.6;   4.3; 1016.00;   77.88;   4.4;   20.4;    8.9;    6.2;  11.3;   0.0;   6;    6.717;   0;eor
     2014;20170526;   1;   18.0;  14.6;   3.5; 1015.23;   73.08;   2.4;   25.4;   11.3;    9.9;   7.2;   0.0;   0;   10.200;   0;eor
     2014;20170527;   1;   21.0;  14.0;   0.5; 1013.57;   58.79;   4.0;   26.9;   12.0;    6.8;  11.1;   0.0;   0;   15.067;   0;eor
     2014;20170528;   1;   21.8;  16.5;   4.7; 1010.60;   63.04;   3.2;   26.7;   16.7;   13.5;  13.0;   0.9;   6;   10.783;   0;eor
