STATIONS_ID;MESS_DATUM;QN_3;  FX;  FM;QN_4; RSK;RSKF; SDK;SHK_TAG;  NM; VPM;  PM; TMK; UPM; TXK; TNK; TGK;eor
       2014;20151219;   10;   9.8;   3.9;    3;   0.0;   0;    3.833;   0;   5.8;  10.7; 1013.18;   11.8;   77.25;   13.8;    9.8;    5.9;eor
       2014;20151220;   10;   8.7;   4.0;    3;   2.4;   6;    0.000;   0;   7.1;  10.4; 1009.68;   11.7;   75.17;   13.4;   10.0;    5.9;eor
       2014;20151221;   10;  18.9;   6.5;    3;   0.6;   6;    2.367;   0;   6.8;   9.9; 1010.05;   10.8;   76.13;   12.2;    9.8;    8.1;eor
       2014;20151222;   10;  14.9;   6.8;    3;   0.2;   6;    0.000;   0;   6.1;  11.2; 1011.43;   12.5;   77.17;   14.7;    9.8;    7.7;eor
       2014;20151223;   10;  17.0;   6.0;    3;   0.5;   6;    2.967;   0;   5.8;   9.6; 1013.80;   11.1;   72.00;   13.8;    6.4;    0.9;eor
       2014;20151224;   10;  16.3;   5.6;    3;   1.0;   6;    1.817;   0;   5.3;   9.5; 1013.79;    9.7;   78.50;   13.4;    5.3;    0.8;eor
       2014;20151225;   10;  13.9;   4.8;    3;   1.3;   6;    1.233;   0;   6.3;   9.2; 1016.79;    8.9;   80.04;   13.3;    6.9;    4.1;eor
       2014;20151226;   10;  17.1;   7.5;    3;   0.0;   0;    2.083;   0;   7.1;  11.3; 1014.39;   13.8;   71.33;   15.1;   12.2;    9.9;eor
       2014;20151227;   10;  11.7;   5.4;    3;   0.1;   6;    0.000;   0;   7.4;  10.1; 1016.55;   11.6;   73.96;   13.2;    9.3;    6.7;eor
       2014;20151228;   10;   9.8;   3.7;    3;   0.1;   6;    2.600;   0;   7.6;  11.1; 1021.95;   10.4;   87.88;   12.8;    7.7;    7.6;eor
       2014;20151229;   10;  12.9;   5.2;    3;   0.0;   0;    1.617;   0;   7.5;   8.8; 1020.46;    6.4;   91.79;    8.5;    4.1;    2.6;eor
       2014;20151230;   10;  10.3;   4.0;    3;   0.0;   0;    0.000;   0;   5.6;   7.8; 1020.36;    5.6;   84.75;    7.5;    2.5;   -0.1;eor
       2014;20151231;   10;  11.3;   4.9;    3;   3.6;   6;    0.000;   0;   4.8;   6.8; 1013.30;    3.8;   83.33;    5.6;    2.2;   -0.7;eor
       2014;20160101;   10;   6.7;   2.5;    3;   0.0;   6;    0.017;   0;   5.7;   7.6; 1017.35;    4.3;   91.00;    6.5;    1.8;   -1.4;eor
       2014;20160102;   10;  16.1;   7.0;    3;   0.2;   7;    0.000;   0;   7.8;   6.0; 1010.43;    1.4;   87.92;    3.9;   -3.8;   -3.5;eor
       2014;20160103;   10;  14.7;   7.6;    3;   1.1;   7;    0.000;   1;   7.8;   3.8; 1002.53;   -4.1;   83.58;   -3.6;   -4.7;   -4.4;eor
       2014;20160104;   10;  12.7;   6.3;    3;   0.7;   8;    0.000;   2;   7.7;   3.3;  987.81;   -5.8;   83.42;   -4.7;   -6.7;   -6.9;eor
       2014;20160105;   10;  10.3;   6.1;    3;   2.8;   8;    0.000;   4;   8.0;   3.5;  990.30;   -5.6;   85.88;   -5.0;   -6.2;   -6.5;eor
       2014;20160106;   10;  10.6;   5.4;    3;   0.0;   7;    0.000;   7;   8.0;   3.2;  995.78;   -6.2;   83.63;   -5.4;   -7.0;   -7.2;eor
       2014;20160107;   10;  11.3;   5.5;    3;   2.8;   8;    0.000;   6;   8.0;   4.2;  991.06;   -3.5;   87.58;    4.2;   -6.0;   -5.9;eor
       2014;20160108;   10;  18.3;   6.5;    3;   0.0;   0;    2.333;   5;   4.5;   6.4;  992.23;    4.9;   74.42;    6.9;    1.5;   -4.0;eor
       2014;20160109;   10;   9.9;   3.7;    3;   0.0;   0;    3.783;   0;   3.6;   6.1;  994.94;    2.8;   82.13;    6.5;   -0.4;   -5.4;eor
       2014;20160110;   10;  13.4;   5.1;    3;   3.6;   6;    2.200;   0;   5.7;   7.5;  986.84;    5.5;   82.38;    8.3;    3.1;    0.4;eor
       2014;20160111;   10;   8.2;   3.4;    3;   4.2;   6;    0.000;   0;   6.9;   7.6;  982.70;    4.9;   87.58;    5.9;    3.3;   -0.9;eor
       2014;20160112;   10;  11.5;   4.1;    3;   2.5;   6;    0.283;   0;   7.0;   7.7;  985.43;    5.6;   84.92;    6.6;    4.9;    3.3;eor
       2014;20160113;   10;  16.6;   4.9;    3;   0.5;   6;    0.000;   0;   7.0;   6.8;  998.55;    3.6;   85.50;    5.8;    1.2;   -3.2;eor
       2014;20160114;   10;  12.9;   4.8;    3;   1.0;   8;    0.983;   0;   5.5;   6.2; 1000.01;    2.7;   84.00;    4.6;    0.8;   -2.7;eor
       2014;20160115;   10;   6.9;   2.9;    3;   0.2;   8;    0.000;   0;   7.9;   6.1; 1001.12;    1.2;   91.92;    2.3;   -0.2;   -1.2;eor
       2014;20160116;   10;   6.7;   2.4;    3;   6.3;   7;    0.000;   0;   7.6;   5.6; 1010.78;   -0.1;   92.00;    1.0;   -1.6;   -4.4;eor
       2014;20160117;   10;   6.2;   2.6;    3;   0.0;   7;    0.333;  12;   6.8;   4.8; 1016.07;   -2.3;   93.13;   -0.2;   -8.5;  -15.0;eor
       2014;20160118;   10;   4.1;   1.0;    3;   0.0;   0;    6.533;   9;   4.5;   3.5; 1014.74;   -6.2;   92.08;   -2.4;   -9.8;  -14.4;eor
       2014;20160119;   10;   7.9;   2.2;    3;   0.7;   7;    6.667;   7;   4.0;   3.3; 1008.25;   -5.5;   80.96;   -1.0;  -11.3;  -17.3;eor
       2014;20160120;   10;   8.4;   3.8;    3;   0.7;   7;    0.000;   8;   6.4;   5.4; 1008.88;   -0.6;   92.58;    0.9;   -6.2;  -12.6;eor
       2014;20160121;   10;   4.1;   1.6;    3;   0.0;   7;    1.633;   7;   5.1;   3.7; 1020.26;   -6.2;   94.83;   -2.9;  -11.1;  -16.3;eor
       2014;20160122;   10;  10.3;   3.9;    3;   3.2;   6;    7.050;   7;   2.8;   3.3; 1020.38;   -4.9;   78.08;   -0.5;  -12.3;  -16.4;eor
       2014;20160123;   10;   9.6;   4.2;    3;   0.1;   6;    0.000;   5;   8.0;   7.5; 1020.41;    3.6;   93.63;    5.8;   -0.5;   -1.0;eor
       2014;20160124;   10;   8.4;   3.2;    3;   2.2;   6;    0.000;   0;   7.5;   8.2; 1022.23;    5.7;   89.38;    8.5;    3.6;    1.6;eor
       2014;20160125;   10;  11.1;   4.0;    3;   0.0;   6;    0.233;   0;   7.0;  10.9; 1017.36;    9.7;   89.75;   12.6;    8.1;    3.2;eor
       2014;20160126;   10;  15.9;   5.4;    3;   0.9;   6;    0.550;   0;   7.3;   9.6; 1012.64;   10.3;   76.08;   11.4;    8.9;    7.3;eor
       2014;20160127;   10;  14.9;   7.5;    3;   2.9;   6;    0.000;   0;   7.8;  10.1; 1005.48;   10.7;   79.04;   12.7;    8.7;    7.3;eor
       2014;20160128;   10;  15.4;   5.9;    3;   0.0;   6;    6.483;   0;   4.0;   7.6; 1012.40;    6.9;   75.46;   10.6;    3.6;   -0.4;eor
       2014;20160129;   10;  17.7;   7.3;    3;   0.1;   6;    0.383;   0;   6.7;   7.7; 1012.68;    7.1;   75.71;    9.9;    3.1;    0.6;eor
       2014;20160130;   10;  22.8;   7.6;    3;   6.7;   8;    0.000;   0;   6.9;   8.4; 1000.33;    7.4;   81.50;    9.6;    1.6;    0.8;eor
       2014;20160131;   10;  13.5;   5.5;    3;   3.3;   8;    0.450;   0;   6.0;   6.7;  999.90;    4.2;   80.75;    6.0;    2.6;    0.9;eor
       2014;20160201;   10;  18.9;   6.1;    3;   4.0;   6;    0.000;   0;   7.5;  10.3; 1003.92;    9.3;   88.38;   12.1;    5.3;    5.0;eor
       2014;20160202;   10;  22.1;   8.3;    3;   0.5;   6;    0.000;   0;   6.4;   7.9; 1002.44;    8.4;   71.50;   11.5;    5.4;    3.4;eor
       2014;20160203;   10;  16.1;   7.1;    3;   0.3;   6;    5.200;   0;   4.3;   6.3; 1006.42;    4.8;   74.04;    6.5;    2.8;    1.5;eor
       2014;20160204;   10;  12.5;   5.2;    3;   1.1;   6;    0.000;   0;   7.0;   6.9; 1012.23;    3.4;   88.58;    4.3;    2.5;    1.4;eor
       2014;20160205;   10;   7.9;   3.9;    3;   2.8;   6;    0.000;   0;   7.6;   8.3; 1014.66;    5.7;   89.88;    9.2;    2.7;    1.5;eor
       2014;20160206;   10;  12.3;   5.3;    3;   0.0;   0;    3.633;   0;   7.0;   8.8; 1003.98;    9.6;   73.71;   11.7;    7.6;    3.6;eor
       2014;20160207;   10;  12.9;   5.6;    3;   0.0;   6;    0.167;   0;   4.9;   7.6;  993.83;    9.2;   65.50;   12.7;    6.0;    1.4;eor
       2014;20160208;   10;  19.9;   9.3;    3;   2.0;   6;    1.117;   0;   5.9;   7.4;  985.48;    7.7;   70.54;   10.3;    6.1;    3.4;eor
       2014;20160209;   10;  20.7;   8.5;    3;   5.1;   8;    0.017;   0;   7.6;   7.3;  980.20;    6.7;   75.08;    9.6;    0.6;   -0.1;eor
       2014;20160210;   10;  13.2;   5.2;    3;   1.4;   6;    0.000;   0;   6.3;   6.9;  984.03;    3.9;   85.50;    5.4;    2.2;   -0.3;eor
       2014;20160211;   10;  14.9;   5.2;    3;   1.9;   6;    4.100;   0;   4.3;   6.7;  994.33;    3.9;   82.42;    6.8;    1.8;   -1.4;eor
       2014;20160212;   10;   5.0;   2.2;    3;   0.0;   0;    1.533;   0;   4.7;   6.3;  994.33;    2.6;   85.79;    6.1;   -0.1;   -4.4;eor
       2014;20160213;   10;  10.5;   4.2;    3;   0.4;   8;    6.467;   0;   3.1;   5.6;  986.38;    1.7;   82.21;    6.7;   -3.2;   -5.3;eor
       2014;20160214;   10;  11.3;   4.3;    3;   3.0;   8;    0.000;   0;   8.0;   6.2;  983.02;    1.1;   94.46;    2.9;    0.2;   -0.1;eor
       2014;20160215;   10;   9.6;   3.4;    3;   1.5;   8;    0.000;   0;   7.8;   5.8; 1006.96;    0.7;   90.13;    2.0;   -0.9;   -1.5;eor
       2014;20160216;   10;   5.8;   2.2;    3;   0.0;   0;    8.133;   0;   2.8;   4.2; 1028.34;   -1.1;   76.00;    2.3;   -4.8;   -7.4;eor
       2014;20160217;   10;  10.5;   4.0;    3;   0.1;   7;    7.300;   0;   3.5;   4.6; 1016.56;   -0.7;   79.58;    3.8;   -5.9;   -7.7;eor
       2014;20160218;   10;   4.5;   1.8;    3;   0.2;   8;    0.000;   0;   6.8;   5.6; 1008.54;    1.0;   85.63;    2.8;   -1.2;   -5.0;eor
       2014;20160219;   10;   7.0;   2.2;    3;   0.0;   8;    0.000;   0;   6.5;   5.6; 1011.54;    1.3;   82.96;    3.8;   -2.1;   -4.7;eor
       2014;20160220;   10;  15.8;   6.1;    3;   4.9;   6;    0.000;   0;   7.2;   7.6; 1001.67;    5.0;   85.21;    9.5;    0.8;   -1.6;eor
       2014;20160221;   10;  19.5;   7.1;    3;  13.6;   6;    0.000;   0;   8.0;  10.7;  997.82;    9.3;   90.50;   11.4;    7.4;    6.7;eor
       2014;20160222;   10;  19.5;   6.6;    3;  13.9;   6;    0.000;   0;   8.0;   8.6;  996.91;    6.2;   88.88;   10.9;    3.5;    2.7;eor
       2014;20160223;   10;  12.9;   4.9;    3;   0.0;   6;    4.000;   0;   5.9;   7.0; 1002.93;    4.4;   83.46;    7.9;    1.8;    0.3;eor
       2014;20160224;   10;  13.4;   4.3;    3;   0.0;   8;    7.317;   0;   4.0;   5.7; 1007.95;    2.8;   77.46;    6.4;    0.8;   -2.7;eor
       2014;20160225;   10;  13.2;   3.7;    3;   0.2;   8;    4.283;   0;   4.1;   5.6; 1004.58;    1.5;   82.96;    4.6;   -0.8;   -2.7;eor
       2014;20160226;   10;   8.2;   2.7;    3;   0.0;   0;    3.950;   0;   4.9;   5.4; 1005.82;    1.1;   81.38;    4.9;   -1.9;   -5.3;eor
       2014;20160227;   10;   9.8;   3.4;    3;   0.0;   0;    7.733;   0;   6.3;   4.5; 1005.96;    0.4;   73.21;    6.3;   -4.0;   -5.7;eor
       2014;20160228;   10;  10.3;   3.1;    3;   0.0;   0;    7.650;   0;   3.8;   4.4; 1012.00;    0.6;   70.83;    6.3;   -3.7;   -6.5;eor
       2014;20160229;   10;  11.7;   4.2;    3;   0.0;   0;    7.817;   0;   3.7;   4.4; 1016.78;    0.0;   74.13;    5.0;   -3.3;   -5.6;eor
       2014;20160301;   10;  11.0;   3.3;    3;   1.4;   8;    2.550;   0;   5.9;   4.9; 1009.60;   -0.2;   81.29;    3.6;   -6.0;   -8.5;eor
       2014;20160302;   10;  18.2;   5.4;    3;   1.0;   6;    1.650;   0;   6.1;   7.1;  991.23;    4.7;   82.38;    9.5;    2.6;   -3.0;eor
       2014;20160303;   10;   9.8;   3.7;    3;   0.0;   8;    0.933;   0;   5.8;   6.2;  993.48;    4.3;   74.67;    8.1;    1.8;   -1.4;eor
       2014;20160304;   10;  13.4;   4.9;    3;   1.6;   6;    3.883;   0;   5.6;   6.0;  993.31;    3.7;   76.13;    7.1;   -0.5;   -5.7;eor
       2014;20160305;   10;   4.6;   2.0;    3;   1.6;   6;    0.000;   0;   7.9;   7.6;  988.75;    3.9;   94.67;    5.2;    2.7;    1.1;eor
       2014;20160306;   10;   7.2;   3.1;    3;   0.1;   6;    0.633;   0;   7.6;   6.6;  991.60;    3.6;   84.21;    6.3;    1.8;   -0.9;eor
       2014;20160307;   10;   6.5;   2.2;    3;   0.0;   0;    3.917;   0;   4.9;   5.9;  997.43;    2.5;   82.29;    6.4;   -2.4;   -5.7;eor
       2014;20160308;   10;  10.1;   2.6;    3;   0.0;   0;    5.367;   0;   2.7;   5.6; 1006.56;    1.8;   81.25;    6.8;   -3.5;   -7.2;eor
       2014;20160309;   10;  11.8;   5.0;    3;   0.0;   0;    9.800;   0;   1.8;   5.0; 1004.99;    3.4;   66.88;    9.1;   -0.5;   -5.0;eor
       2014;20160310;   10;   8.2;   3.1;    3;   0.0;   0;    1.300;   0;   6.0;   6.3; 1013.50;    3.1;   81.75;    6.8;   -2.1;   -4.2;eor
       2014;20160311;   10;   7.7;   3.8;    3;   0.0;   0;    0.000;   0;   7.9;   6.0; 1022.24;    3.2;   78.96;    4.6;    1.0;    0.3;eor
       2014;20160312;   10;   7.9;   3.5;    3;   0.0;   0;    0.000;   0;   7.8;   5.5; 1025.61;    3.0;   73.21;    3.8;    2.2;    1.2;eor
       2014;20160313;   10;   8.7;   4.5;    3;   0.0;   0;    1.517;   0;   7.4;   5.5; 1029.64;    2.5;   75.04;    6.1;    0.6;   -1.4;eor
       2014;20160314;   10;   5.7;   2.1;    3;   0.0;   6;    9.683;   0;   5.0;   5.3; 1027.37;    3.0;   70.88;    9.7;   -3.7;   -6.5;eor
       2014;20160315;   10;  11.0;   3.7;    3;   0.0;   6;    1.283;   0;   6.5;   6.9; 1021.07;    5.2;   78.75;    9.8;    0.6;   -1.7;eor
       2014;20160316;   10;  12.3;   5.3;    3;   0.0;   0;    7.067;   0;   4.1;   5.5; 1024.80;    4.8;   64.83;    9.5;    0.1;   -3.6;eor
       2014;20160317;   10;   5.8;   2.1;    3;   0.0;   6;   10.767;   0;   0.3;   5.3; 1021.46;    4.5;   66.04;   12.9;   -2.4;   -6.4;eor
       2014;20160318;   10;   9.1;   4.2;    3;   0.1;   6;    0.000;   0;   7.3;   7.4; 1013.67;    4.0;   90.71;    6.7;   -0.5;   -3.7;eor
       2014;20160319;   10;   9.6;   3.3;    3;   0.1;   6;    1.633;   0;   7.3;   7.2; 1013.30;    5.6;   80.71;    9.6;    3.6;    2.9;eor
       2014;20160320;   10;  12.3;   5.8;    3;   0.8;   6;    0.650;   0;   6.5;   7.6; 1009.73;    5.8;   83.00;    9.5;    3.3;    0.5;eor
       2014;20160321;   10;  13.2;   6.1;    3;   0.5;   6;    0.183;   0;   7.5;   7.9; 1008.00;    6.4;   82.33;    8.5;    4.9;    4.1;eor
       2014;20160322;   10;  12.3;   4.5;    3;   1.2;   6;    0.300;   0;   7.2;   7.9; 1004.78;    5.8;   85.38;    9.1;    3.4;    1.5;eor
       2014;20160323;   10;  13.2;   4.7;    3;   0.0;   6;    2.783;   0;   5.6;   7.2; 1003.16;    5.8;   78.83;   10.1;    0.3;   -3.7;eor
       2014;20160324;   10;   8.4;   3.0;    3;   0.7;   6;    5.817;   0;   6.6;   6.9; 1006.13;    5.3;   78.00;    9.7;    0.7;   -0.6;eor
       2014;20160325;   10;   9.1;   3.8;    3;   6.1;   6;    0.000;   0;   8.0;   9.1; 1004.27;    7.0;   90.46;    7.7;    5.9;    4.9;eor
       2014;20160326;   10;  12.9;   5.0;    3;   0.0;   0;   10.750;   0;   5.0;   8.4; 1008.86;    9.1;   74.38;   13.7;    1.8;   -2.5;eor
       2014;20160327;   10;  13.2;   5.8;    3;   1.5;   6;    1.667;   0;   5.8;   8.1; 1001.18;    9.3;   69.58;   11.8;    6.8;    1.0;eor
       2014;20160328;   10;  19.0;   7.7;    3;   3.4;   6;    2.217;   0;   4.7;   7.7;  994.67;    8.7;   68.63;   12.2;    6.2;    1.8;eor
       2014;20160329;   10;  16.3;   5.1;    3;   5.3;   6;    1.200;   0;   6.4;   7.9;  998.25;    6.5;   81.54;   10.1;    3.3;   -1.4;eor
       2014;20160330;   10;  13.2;   4.7;    3;   0.0;   6;    3.867;   0;   6.5;   7.6; 1001.36;    8.3;   70.42;   11.9;    4.2;    1.5;eor
       2014;20160331;   10;   5.8;   2.1;    3;   0.0;   0;    0.933;   0;   7.6;   7.1; 1006.77;    7.0;   71.71;   10.1;    4.0;    1.0;eor
       2014;20160401;   10;   6.5;   2.5;    3;   0.0;   0;   11.467;   0;   4.1;   6.0; 1013.52;    8.2;   57.75;   13.2;    1.6;   -1.1;eor
       2014;20160402;   10;   8.1;   3.3;    3;   0.0;   0;    9.450;   0;   5.4;   7.8; 1011.19;    9.6;   65.46;   16.0;    1.4;   -1.1;eor
       2014;20160403;   10;   7.7;   2.4;    3;   1.4;   6;    4.067;   0;   7.0;  10.5; 1004.23;   14.8;   63.42;   20.5;    7.3;    5.1;eor
       2014;20160404;   10;  10.6;   2.8;    3;   1.0;   6;    2.383;   0;   6.8;  13.0; 1000.40;   14.9;   77.54;   20.1;   10.0;    5.0;eor
       2014;20160405;   10;  14.2;   3.2;    3;   2.9;   6;    0.000;   0;   6.4;  11.5;  999.73;   11.6;   84.63;   15.8;    8.9;    6.7;eor
       2014;20160406;   10;  18.5;   5.4;    3;   0.8;   6;    6.650;   0;   5.2;   9.1; 1000.47;   10.9;   71.17;   14.6;    7.0;    4.2;eor
       2014;20160407;   10;  14.2;   4.9;    3;   0.0;   6;    7.700;   0;   2.9;   7.1; 1000.95;    8.1;   66.04;   12.1;    5.2;    0.0;eor
       2014;20160408;   10;   7.7;   3.1;    3;   0.0;   0;    1.583;   0;   4.7;   7.2; 1004.13;    7.5;   70.08;   11.2;    3.2;   -2.3;eor
       2014;20160409;   10;   6.7;   2.3;    3;   0.0;   0;    6.567;   0;   3.7;   6.6; 1002.95;    8.5;   62.54;   13.9;    0.8;   -3.4;eor
       2014;20160410;   10;   9.9;   4.1;    3;   0.0;   0;    8.567;   0;   5.3;   7.2; 1006.58;   11.2;   55.38;   15.9;    5.2;    1.3;eor
       2014;20160411;   10;  12.2;   4.9;    3;   0.0;   0;    8.917;   0;   3.8;   7.4; 1008.70;    8.9;   66.96;   13.9;    1.9;   -0.7;eor
       2014;20160412;   10;   6.5;   2.6;    3;   0.0;   0;    6.867;   0;   5.3;   9.7; 1003.14;   12.2;   68.88;   17.6;    6.6;    2.4;eor
       2014;20160413;   10;   8.1;   3.1;    3;   0.0;   6;    1.183;   0;   6.5;   9.4; 1001.01;   10.3;   75.83;   14.0;    5.6;    1.3;eor
       2014;20160414;   10;   6.7;   3.1;    3;   2.0;   6;    5.283;   0;   5.8;   9.2; 1003.98;   10.9;   71.79;   15.6;    7.6;    3.4;eor
       2014;20160415;   10;  15.6;   3.6;    3;   6.8;   6;    0.983;   0;   6.0;   9.9;  996.49;    9.6;   82.83;   14.6;    5.8;    2.0;eor
       2014;20160416;   10;  14.7;   4.6;    3;   0.1;   6;    3.833;   0;   5.6;   8.9;  993.79;   10.6;   70.29;   15.3;    6.6;    3.3;eor
       2014;20160417;   10;  11.3;   3.5;    3;   0.0;   6;    7.067;   0;   3.8;   7.1; 1003.47;    6.6;   74.00;   12.2;    2.2;   -2.2;eor
       2014;20160418;   10;  11.1;   4.3;    3;   0.0;   6;    5.467;   0;   4.5;   6.6; 1012.33;    7.8;   64.25;   11.8;    1.5;   -3.9;eor
       2014;20160419;   10;  15.6;   6.4;    3;   0.0;   6;    4.383;   0;   5.3;   7.5; 1016.33;    9.4;   64.46;   14.2;    4.3;    1.9;eor
       2014;20160420;   10;  10.1;   4.3;    3;   0.0;   0;   10.867;   0;   2.9;   6.9; 1022.71;    7.7;   67.38;   11.9;    1.0;   -3.0;eor
       2014;20160421;   10;   7.2;   2.0;    3;   0.0;   0;   12.800;   0;   1.3;   6.4; 1018.23;    7.7;   65.13;   15.3;   -0.6;   -5.1;eor
       2014;20160422;   10;   9.8;   3.3;    3;   0.0;   0;   10.100;   0;   5.5;   6.6; 1012.11;    6.9;   68.63;   13.2;    0.2;   -3.3;eor
       2014;20160423;   10;  14.2;   4.6;    3;   0.0;   6;    4.183;   0;   5.5;   5.8; 1005.45;    4.9;   68.96;   10.2;    0.8;   -1.3;eor
       2014;20160424;   10;  16.1;   4.3;    3;   0.8;   8;    5.900;   0;   4.6;   6.1; 1003.58;    3.1;   79.92;    7.6;   -1.0;   -4.6;eor
       2014;20160425;   10;  14.4;   5.1;    3;   3.1;   6;    3.917;   0;   5.6;   6.3;  998.31;    4.1;   78.75;    9.7;   -0.8;   -3.2;eor
       2014;20160426;   10;  13.9;   5.3;    3;   8.8;   8;    3.283;   0;   6.6;   6.5;  990.09;    3.4;   83.96;    7.3;    1.0;   -0.3;eor
       2014;20160427;   10;  15.1;   5.3;    3;   3.9;   8;    0.783;   0;   7.0;   7.0;  994.86;    4.0;   86.04;    7.1;    2.5;    1.2;eor
       2014;20160428;   10;  14.2;   4.1;    3;   0.3;   8;    4.850;   0;   5.0;   6.6; 1005.60;    5.4;   74.42;   10.5;    1.7;   -1.2;eor
       2014;20160429;   10;  14.7;   5.7;    3;   0.0;   0;    5.267;   0;   6.4;   6.5; 1008.12;    8.5;   61.50;   14.3;    2.1;   -1.3;eor
       2014;20160430;   10;   9.3;   3.1;    3;   0.7;   6;    2.550;   0;   7.0;   8.1; 1011.79;    7.7;   77.96;   11.0;    3.1;   -0.5;eor
       2014;20160501;   10;   8.7;   3.7;    3;   0.0;   0;   11.633;   0;   4.0;   9.0; 1017.85;   10.6;   72.63;   17.9;    4.0;    0.8;eor
       2014;20160502;   10;   7.5;   2.3;    3;   0.0;   0;   13.350;   0;   1.6;   8.2; 1015.97;   13.1;   59.92;   20.0;    3.1;   -1.1;eor
       2014;20160503;   10;  12.3;   3.4;    3;   3.9;   6;    2.433;   0;   4.9;   9.0; 1013.68;    9.7;   74.67;   12.5;    2.4;   -2.1;eor
       2014;20160504;   10;   7.2;   2.1;    3;   0.0;   0;    8.217;   0;   3.0;   7.1; 1021.75;    8.6;   66.75;   15.3;    1.3;   -3.1;eor
       2014;20160505;   10;  10.6;   3.3;    3;   0.0;   0;   13.883;   0;   1.8;   7.7; 1019.22;   11.7;   58.50;   18.5;    2.6;   -0.7;eor
       2014;20160506;   10;  12.9;   4.6;    3;   0.0;   0;   13.983;   0;   2.6;   9.8; 1010.61;   16.5;   55.75;   23.5;    6.9;    3.7;eor
       2014;20160507;   10;  14.9;   5.3;    3;   0.0;   0;   14.150;   0;   1.5;   9.3; 1007.55;   18.2;   47.83;   24.1;    9.2;    4.7;eor
       2014;20160508;   10;  17.0;   6.1;    3;   0.0;   0;   14.017;   0;   0.5;   9.7; 1009.63;   18.1;   47.88;   23.6;    9.8;    6.7;eor
       2014;20160509;   10;  16.6;   6.3;    3;   0.0;   0;   14.100;   0;   1.0;  10.7; 1010.27;   18.5;   52.67;   24.6;   10.2;    7.2;eor
       2014;20160510;   10;  12.0;   5.1;    3;   0.0;   0;   12.583;   0;   4.3;  10.9; 1005.73;   18.3;   53.83;   24.3;   10.8;    8.4;eor
       2014;20160511;   10;  14.6;   5.2;    3;   0.0;   0;   12.533;   0;   5.2;  10.8; 1001.13;   18.2;   54.42;   24.4;   10.7;    7.6;eor
       2014;20160512;   10;  13.9;   6.1;    3;   0.0;   0;   11.683;   0;   4.0;  11.4;  996.24;   18.3;   56.13;   24.6;   10.5;    7.3;eor
       2014;20160513;   10;  12.9;   4.2;    3;   0.1;   6;   12.083;   0;   4.8;   8.5;  996.19;   15.6;   50.50;   22.4;    7.4;    4.0;eor
       2014;20160514;   10;  14.7;   7.0;    3;   4.4;   6;    5.417;   0;   6.2;   7.2; 1002.04;    8.6;   65.46;   12.7;    5.3;    4.2;eor
       2014;20160515;   10;  17.8;   6.0;    3;   3.7;   6;    4.483;   0;   5.7;   8.0; 1008.03;    7.0;   80.71;   11.5;    4.7;    3.2;eor
       2014;20160516;   10;  11.3;   4.2;    3;   0.0;   6;    4.750;   0;   5.2;   7.6; 1010.28;    8.0;   72.25;   12.6;    4.3;    1.4;eor
       2014;20160517;   10;  11.8;   3.8;    3;   0.0;   0;    2.400;   0;   6.1;   9.1; 1008.42;   10.3;   73.29;   15.1;    6.0;    3.4;eor
       2014;20160518;   10;   8.7;   3.0;    3;   0.0;   6;    1.600;   0;   5.7;  10.0; 1003.28;   13.4;   66.33;   18.0;    6.4;    0.6;eor
       2014;20160519;   10;   7.5;   2.5;    3;   0.0;   0;    5.067;   0;   5.9;  11.1; 1003.28;   15.0;   66.29;   21.3;    8.7;    6.7;eor
       2014;20160520;   10;  14.1;   3.6;    3;   0.6;   6;    2.800;   0;   7.1;  12.3; 1009.67;   14.5;   74.42;   17.2;   10.9;    6.4;eor
       2014;20160521;   10;   9.3;   3.7;    3;   0.0;   0;    7.883;   0;   6.7;  13.2; 1008.68;   18.0;   65.79;   22.8;   12.7;    8.2;eor
       2014;20160522;   10;  17.0;   4.2;    3;   7.4;   6;   10.767;   0;   6.9;  14.0; 1001.80;   19.5;   64.29;   27.3;   12.1;    6.8;eor
       2014;20160523;   10;   9.3;   3.8;    3;   0.9;   6;    6.833;   0;   6.6;  15.4; 1002.43;   17.0;   80.21;   21.4;   12.2;   12.2;eor
       2014;20160524;   10;  10.8;   5.5;    3;   3.9;   6;    0.017;   0;   7.7;  12.1; 1006.32;   11.7;   88.38;   14.0;   10.2;   10.2;eor
       2014;20160525;   10;   5.7;   2.2;    3;   0.0;   0;    0.000;   0;   7.9;  11.3; 1008.36;   12.0;   81.04;   14.3;    9.7;    5.2;eor
       2014;20160526;   10;   6.7;   2.1;    3;   0.0;   0;    8.900;   0;   4.5;  12.1; 1009.66;   14.1;   76.58;   19.7;    7.0;    4.2;eor
       2014;20160527;   10;   6.9;   2.3;    3;   0.0;   0;    5.350;   0;   5.4;  13.5; 1009.70;   15.7;   77.54;   21.9;    9.5;    5.5;eor
       2014;20160528;   10;   8.9;   3.4;    3;   1.9;   6;    8.200;   0;   5.4;  13.8; 1007.05;   18.1;   68.75;   23.4;   12.0;   10.6;eor
       2014;20160529;   10;   7.5;   2.9;    3;   7.1;   6;    0.350;   0;   7.8;  16.9; 1001.52;   16.2;   91.33;   19.3;   14.3;   13.4;eor
       2014;20160530;   10;  11.0;   3.7;    3;   6.4;   8;    7.500;   0;   6.7;  19.3;  997.42;   19.3;   86.54;   25.8;   14.3;   11.6;eor
       2014;20160531;   10;  10.5;   2.2;    3;  25.7;   6;   11.467;   0;   4.5;  16.8; 1003.20;   19.2;   77.92;   25.9;   13.7;    9.8;eor
       2014;20160601;   10;  15.4;   2.7;    3;  24.3;   6;    0.567;   0;   6.8;  19.2; 1004.17;   17.7;   94.42;   23.4;   14.4;   12.2;eor
       2014;20160602;   10;  11.1;   2.4;    3;   6.6;   6;    2.233;   0;   6.1;  18.4; 1004.12;   17.9;   90.25;   22.6;   14.2;   10.6;eor
       2014;20160603;   10;   9.3;   2.7;    3;   0.0;   6;    8.450;   0;   4.2;  16.6; 1004.93;   19.6;   75.13;   26.0;   13.9;    9.8;eor
       2014;20160604;   10;   8.6;   2.4;    3;   0.0;   6;   10.700;   0;   2.7;  16.1; 1006.36;   20.3;   70.13;   26.7;   12.6;    9.2;eor
       2014;20160605;   10;   6.2;   2.0;    3;   0.2;   6;   12.683;   0;   1.4;  16.2; 1009.71;   21.4;   66.50;   28.7;   13.4;   10.0;eor
       2014;20160606;   10;   7.7;   2.5;    3;   0.0;   6;   10.617;   0;   3.5;  16.6; 1013.68;   20.4;   71.46;   27.0;   13.6;   10.1;eor
       2014;20160607;   10;   8.2;   2.8;    3;   0.4;   6;   10.500;   0;   6.2;  14.8; 1014.60;   20.8;   62.21;   27.6;   14.4;   10.7;eor
       2014;20160608;   10;  11.3;   4.1;    3;   0.0;   6;   11.817;   0;   3.5;  13.5; 1012.38;   15.3;   78.46;   18.7;   11.6;    8.5;eor
       2014;20160609;   10;  10.5;   3.9;    3;   0.0;   6;    5.783;   0;   6.2;  13.6; 1010.37;   15.0;   80.63;   20.9;    9.7;    5.5;eor
       2014;20160610;   10;   9.8;   3.7;    3;   0.0;   0;    7.250;   0;   5.7;  11.0; 1006.02;   14.3;   69.29;   20.4;    8.4;    4.6;eor
       2014;20160611;   10;   6.3;   1.7;    3;   0.0;   6;   11.067;   0;   6.6;  10.6; 1004.66;   16.0;   61.50;   22.2;   10.1;    8.0;eor
       2014;20160612;   10;   7.0;   3.1;    3;   0.4;   6;    0.367;   0;   7.3;  13.7; 1001.47;   16.5;   72.79;   19.9;   13.3;   12.6;eor
       2014;20160613;   10;   7.7;   2.4;    3;   4.1;   6;    2.067;   0;   7.2;  15.1;  994.66;   15.5;   86.42;   20.2;   11.9;    9.0;eor
       2014;20160614;   10;  10.6;   2.8;    3;   2.3;   6;    3.350;   0;   6.9;  15.2;  991.88;   16.2;   83.17;   20.9;   13.4;   10.9;eor
       2014;20160615;   10;   9.9;   2.2;    3;   3.6;   6;    5.300;   0;   6.3;  14.2;  992.89;   15.6;   80.83;   21.1;   11.7;    8.2;eor
       2014;20160616;   10;   8.2;   2.6;    3;   0.0;   6;    6.767;   0;   5.4;  13.4;  995.92;   16.3;   73.67;   21.3;   11.2;    7.7;eor
       2014;20160617;   10;  11.8;   2.9;    3;  13.3;   6;    1.683;   0;   6.4;  14.9;  997.78;   15.4;   85.21;   19.7;   12.5;   10.0;eor
       2014;20160618;   10;  13.0;   2.8;    3;   3.0;   6;    3.367;   0;   6.3;  14.5; 1007.27;   15.0;   85.08;   19.3;   12.0;    9.4;eor
       2014;20160619;   10;   7.7;   3.1;    3;   0.1;   6;    1.900;   0;   6.1;  12.8; 1014.94;   14.0;   80.79;   16.6;    9.4;    4.6;eor
       2014;20160620;   10;  10.6;   4.2;    3;   7.9;   6;    9.617;   0;   4.9;  12.6; 1011.71;   16.3;   70.38;   22.6;    9.3;    4.3;eor
       2014;20160621;   10;   9.6;   3.6;    3;   0.0;   6;    5.167;   0;   6.5;  16.8; 1011.35;   18.7;   78.88;   23.3;   14.6;   14.2;eor
       2014;20160622;   10;   7.2;   2.7;    3;   0.0;   6;    8.600;   0;   4.3;  17.7; 1015.45;   21.2;   71.46;   26.0;   17.3;   13.3;eor
       2014;20160623;   10;  20.4;   4.5;    3;   1.9;   6;   13.417;   0;   2.5;  19.2; 1012.00;   25.8;   60.50;   32.4;   16.2;   13.0;eor
       2014;20160624;   10;  13.5;   3.3;    3;   5.6;   6;    7.017;   0;   5.8;  22.1; 1010.01;   23.1;   79.25;   28.9;   17.9;   16.1;eor
       2014;20160625;   10;  13.7;   4.3;    3;  24.0;   6;    0.250;   0;   7.8;  18.9; 1006.40;   17.4;   94.75;   20.9;   12.7;   11.7;eor
       2014;20160626;   10;  10.3;   4.0;    3;   0.0;   6;    9.883;   0;   3.8;  13.2; 1009.36;   16.2;   73.17;   21.2;   12.1;    7.7;eor
       2014;20160627;   10;  10.8;   4.1;    3;   5.9;   6;    9.450;   0;   4.0;  14.0; 1010.23;   16.8;   74.63;   22.3;   11.9;    8.9;eor
       2014;20160628;   10;   7.7;   3.0;    3;   2.4;   6;   11.117;   0;   5.3;  12.3; 1009.98;   16.6;   66.96;   21.1;   11.8;   10.9;eor
       2014;20160629;   10;  14.1;   4.6;    3;   0.4;   6;    5.767;   0;   6.2;  13.7; 1004.16;   17.6;   68.25;   21.1;   15.1;   12.1;eor
       2014;20160630;   10;   9.8;   3.6;    3;   0.2;   6;    1.050;   0;   7.1;  14.8; 1005.27;   18.1;   70.96;   22.3;   15.6;   14.3;eor
       2014;20160701;   10;  11.0;   4.2;    3;   3.3;   6;    2.500;   0;   6.6;  17.0; 1005.38;   20.0;   72.75;   23.1;   16.4;   14.1;eor
       2014;20160702;   10;  18.0;   4.3;    3;   2.0;   6;    3.117;   0;   6.2;  13.8; 1005.95;   15.4;   79.17;   20.3;   10.7;    7.9;eor
       2014;20160703;   10;  14.7;   3.8;    3;   0.0;   6;    8.683;   0;   3.6;  12.0; 1011.82;   14.3;   74.46;   19.8;    9.6;    6.1;eor
       2014;20160704;   10;   9.6;   2.2;    3;   0.0;   0;   12.917;   0;   3.8;  12.6; 1012.75;   17.3;   66.17;   22.8;    9.3;    5.5;eor
       2014;20160705;   10;  19.0;   5.6;    3;   0.6;   6;    5.400;   0;   5.7;  14.9; 1006.25;   17.8;   73.17;   21.3;   13.1;    9.9;eor
       2014;20160706;   10;  15.8;   7.2;    3;   0.0;   6;    6.600;   0;   5.4;  11.4; 1010.78;   15.3;   66.67;   19.8;    9.7;    5.6;eor
       2014;20160707;   10;   9.8;   2.6;    3;   0.0;   0;   12.300;   0;   3.9;  11.9; 1013.44;   15.8;   68.33;   22.4;    7.8;    3.9;eor
       2014;20160708;   10;  15.1;   3.8;    3;   0.1;   6;    1.300;   0;   6.5;  15.0; 1007.81;   18.6;   70.46;   23.0;   14.0;   11.1;eor
       2014;20160709;   10;  11.8;   4.5;    3;   0.0;   6;    8.067;   0;   5.2;  14.7; 1010.26;   18.8;   69.13;   22.9;   14.5;   13.2;eor
       2014;20160710;   10;  10.3;   3.7;    3;   0.0;   6;    5.950;   0;   6.4;  18.5; 1004.29;   24.0;   62.58;   29.3;   18.3;   15.5;eor
       2014;20160711;   10;  13.7;   4.7;    3;   0.0;   0;    7.867;   0;   6.1;  15.5; 1001.95;   21.2;   62.29;   23.9;   17.3;   13.8;eor
       2014;20160712;   10;  12.5;   4.2;    3;   0.0;   0;    9.650;   0;   4.1;  14.0; 1004.30;   18.9;   64.88;   24.0;   13.2;    9.4;eor
       2014;20160713;   10;-999;   3.6;    3;  12.1;   6;    4.733;   0;   6.3;  14.7; 1005.65;   16.3;   80.79;   22.1;   12.2;    9.3;eor
       2014;20160714;   10;  14.7;-999;    3;   1.3;   6;    3.700;   0;   7.0;  13.4; 1009.70;   14.8;   81.29;   19.4;   12.3;   11.1;eor
       2014;20160715;   10;  12.3;   5.3;    3;   0.0;   6;    2.933;   0;   6.5;  12.8; 1015.36;   14.9;   76.63;   19.5;   11.6;    7.3;eor
       2014;20160716;   10;   8.4;   3.1;    3;   5.7;   6;    0.750;   0;   6.8;  15.7; 1016.02;   17.3;   79.13;   21.0;   10.5;    7.0;eor
       2014;20160717;   10;  11.8;   3.9;    3;   0.1;   6;    7.650;   0;   6.5;  16.9; 1012.69;   19.9;   74.63;   24.8;   14.2;   11.0;eor
       2014;20160718;   10;  11.8;   3.8;    3;   0.0;   0;   11.417;   0;   3.9;  14.5; 1013.74;   19.5;   65.92;   25.5;   13.1;   10.3;eor
       2014;20160719;   10;   6.2;   1.7;    3;   0.0;   0;   12.867;   0;   1.8;  16.7; 1014.33;   20.9;   69.92;   27.7;   12.6;    9.8;eor
       2014;20160720;   10;  10.5;   3.3;    3;   0.0;   6;   14.133;   0;   1.7;  17.2; 1009.15;   24.7;   59.42;   31.6;   16.1;   13.3;eor
       2014;20160721;   10;  11.5;   2.5;    3;   0.1;   6;   11.183;   0;   5.6;  20.0; 1006.50;   23.7;   69.46;   30.1;   17.6;   14.1;eor
       2014;20160722;   10;   8.7;   2.1;    3;   0.0;   6;    4.983;   0;   6.3;  19.6; 1009.60;   20.8;   80.92;   27.4;   15.6;   13.1;eor
       2014;20160723;   10;   4.1;   1.6;    3;   0.0;   6;    0.000;   0;   7.6;  18.5; 1011.64;   19.5;   81.96;   22.5;   16.0;   13.2;eor
       2014;20160724;   10;   6.3;   1.7;    3;   0.0;   0;    7.550;   0;   5.8;  17.3; 1011.47;   23.2;   63.83;   29.6;   16.9;   15.6;eor
       2014;20160725;   10;   8.7;   2.9;    3;   0.0;   0;    7.117;   0;   6.1;  20.0; 1010.81;   23.1;   72.29;   28.3;   18.8;   15.8;eor
       2014;20160726;   10;   6.7;   2.0;    3;  13.7;   6;    7.817;   0;   6.0;  16.1; 1012.84;   20.5;   69.29;   25.8;   15.7;   13.0;eor
       2014;20160727;   10;  10.3;   2.9;    3;   0.0;   6;    7.450;   0;   5.8;  16.5; 1009.20;   19.6;   74.00;   25.2;   15.2;   14.1;eor
       2014;20160728;   10;   9.6;   2.5;    3;   5.5;   6;    1.750;   0;   7.1;  18.1; 1007.71;   19.2;   81.08;   21.9;   17.6;   15.5;eor
       2014;20160729;   10;  11.0;   3.4;    3;   0.1;   6;    4.950;   0;   6.3;  17.2; 1004.65;   19.4;   76.38;   23.4;   17.0;   16.0;eor
       2014;20160730;   10;   9.8;   3.5;    3;   2.7;   6;    6.783;   0;   6.1;  16.4; 1005.05;   19.2;   73.88;   22.9;   16.6;   15.2;eor
       2014;20160731;   10;  10.1;   2.6;    3;   7.6;   6;    0.700;   0;   6.6;  17.2; 1006.08;   16.9;   89.58;   22.0;   13.2;   11.7;eor
       2014;20160801;   10;  10.6;   3.9;    3;   0.3;   6;    7.017;   0;   4.8;  13.6; 1010.46;   15.7;   77.67;   20.4;   11.7;    7.4;eor
       2014;20160802;   10;   6.7;   1.9;    3;   1.1;   6;    0.000;   0;   7.3;  15.4; 1007.93;   15.4;   88.00;   17.8;   11.3;    7.4;eor
       2014;20160803;   10;  11.1;   4.5;    3;   1.4;   6;    0.000;   0;   7.8;  19.6; 1003.11;   18.9;   89.54;   20.8;   16.4;   16.1;eor
       2014;20160804;   10;  11.3;   4.3;    3;   0.0;   0;    2.967;   0;   7.0;  14.9; 1003.66;   18.1;   72.21;   21.7;   15.1;   12.5;eor
       2014;20160805;   10;  13.7;   3.4;    3;   2.8;   6;    5.000;   0;   6.2;  15.9; 1009.36;   17.2;   81.33;   22.6;   13.3;   11.3;eor
       2014;20160806;   10;  11.8;   2.9;    3;  11.4;   6;    3.417;   0;   5.6;  16.1; 1016.97;   16.3;   87.29;   20.2;   13.8;   11.4;eor
       2014;20160807;   10;  11.0;   3.3;    3;   0.0;   6;    7.750;   0;   5.4;  15.0; 1017.22;   19.2;   69.54;   25.5;   11.9;   10.1;eor
       2014;20160808;   10;  13.2;   4.5;    3;   0.2;   6;    4.283;   0;   5.9;  15.6; 1010.79;   18.6;   72.29;   21.8;   12.4;    9.4;eor
       2014;20160809;   10;  11.3;   3.6;    3;   0.4;   6;    4.750;   0;   5.8;  11.8; 1012.63;   14.0;   74.17;   19.0;    9.7;    6.1;eor
       2014;20160810;   10;  12.9;   3.6;    3;   0.8;   6;    5.550;   0;   5.1;  10.6; 1012.92;   12.0;   76.00;   16.5;    7.7;    3.4;eor
       2014;20160811;   10;  11.3;   3.9;    3;   0.9;   6;    1.900;   0;   6.1;  11.2; 1013.72;   12.2;   79.17;   15.2;    6.9;    3.3;eor
       2014;20160812;   10;  11.3;   3.3;    3;   0.3;   6;    0.000;   0;   7.6;  18.0; 1013.21;   17.0;   92.33;   19.8;   12.9;   12.6;eor
       2014;20160813;   10;  13.0;   4.7;    3;   0.0;   6;    7.017;   0;   5.2;  16.7; 1013.57;   18.7;   77.79;   22.2;   15.5;   13.0;eor
       2014;20160814;   10;   8.7;   3.0;    3;   0.0;   0;    6.417;   0;   6.2;  15.0; 1015.76;   17.4;   76.42;   22.5;   14.0;   11.4;eor
       2014;20160815;   10;   6.7;   2.0;    3;   0.0;   0;    7.300;   0;   5.3;  13.5; 1017.16;   15.6;   77.88;   20.6;   10.6;    7.2;eor
       2014;20160816;   10;   7.5;   2.3;    3;   0.0;   0;   11.483;   0;   2.8;  12.5; 1012.77;   15.2;   74.71;   21.8;    7.8;    5.3;eor
       2014;20160817;   10;   7.4;   2.1;    3;   0.0;   0;   13.200;   0;   1.6;  11.7; 1008.83;   15.1;   71.04;   21.8;    7.9;    4.3;eor
       2014;20160818;   10;   7.2;   1.6;    3;   0.0;   0;   12.533;   0;   1.2;  12.0; 1003.86;   16.3;   68.54;   24.1;    7.3;    3.6;eor
       2014;20160819;   10;   7.0;   2.4;    3;   0.5;   6;   12.483;   0;   3.0;  13.4; 1003.55;   19.0;   64.83;   26.4;   10.3;    6.4;eor
       2014;20160820;   10;   8.2;   2.6;    3;   0.0;   6;    1.767;   0;   6.3;  16.7; 1004.75;   19.0;   76.25;   23.1;   14.6;    9.4;eor
       2014;20160821;   10;  13.2;   4.1;    3;   0.1;   6;    6.167;   0;   5.1;  14.5; 1009.35;   17.6;   72.33;   21.7;   15.0;   10.0;eor
       2014;20160822;   10;   9.9;   3.7;    3;   1.2;   6;    2.233;   0;   5.5;  16.6; 1016.93;   17.1;   85.50;   19.8;   14.4;   11.1;eor
       2014;20160823;   10;   5.7;   2.2;    3;   0.0;   0;    2.550;   0;   5.7;  18.6; 1019.20;   19.8;   81.08;   24.8;   14.6;   10.9;eor
       2014;20160824;   10;   8.2;   3.1;    3;   0.0;   0;   12.950;   0;   0.5;  18.0; 1016.43;   23.6;   65.67;   31.3;   15.1;   13.8;eor
       2014;20160825;   10;  10.6;   3.7;    3;   0.0;   0;   12.950;   0;   0.5;  14.7; 1011.22;   25.0;   50.21;   33.2;   16.2;   12.4;eor
       2014;20160826;   10;   8.1;   3.1;    3;   0.0;   0;   12.550;   0;   1.8;  16.8; 1009.20;   26.1;   50.71;   34.0;   17.5;   13.1;eor
       2014;20160827;   10;   8.9;   2.9;    3;   0.0;   0;   10.800;   0;   2.9;  18.5; 1011.85;   22.7;   69.08;   29.7;   15.7;   12.8;eor
       2014;20160828;   10;  13.9;   3.7;    3;   0.5;   6;    7.833;   0;   4.8;  17.8; 1005.61;   24.4;   61.00;   34.4;   17.0;   13.5;eor
       2014;20160829;   10;  14.9;   4.2;    3;   0.7;   6;    2.167;   0;   4.5;  15.2; 1010.89;   17.1;   77.71;   21.0;    9.5;    5.0;eor
       2014;20160830;   10;   6.2;   1.7;    3;   0.0;   0;   12.633;   0;   1.2;  12.3; 1018.46;   15.8;   72.25;   23.0;    8.8;    4.2;eor
       2014;20160831;   10;  10.3;   2.6;    3;   0.0;   0;   11.250;   0;   2.0;  12.8; 1014.20;   19.0;   62.21;   27.3;   10.0;    7.2;eor
       2014;20160901;   10;  14.7;   2.9;    3;   7.9;   6;    7.383;   0;   3.7;  15.3; 1013.89;   17.8;   77.38;   25.6;   12.2;    7.6;eor
       2014;20160902;   10;   8.2;   2.1;    3;   0.0;   6;    9.533;   0;   5.6;  15.2; 1012.50;   18.6;   73.38;   24.8;   11.8;    9.6;eor
       2014;20160903;   10;  12.0;   3.1;    3;   0.1;   6;    5.367;   0;   6.9;  15.7; 1009.37;   18.8;   73.00;   23.0;   15.0;   10.8;eor
       2014;20160904;   10;  15.1;   4.4;    3;  13.4;   6;    1.700;   0;   7.0;  17.0; 1002.83;   17.8;   83.75;   20.6;   14.6;   13.9;eor
       2014;20160905;   10;   9.1;   3.7;    3;   0.1;   6;    1.250;   0;   5.8;  16.5; 1010.44;   16.5;   88.29;   20.7;   11.4;    8.5;eor
       2014;20160906;   10;   5.7;   1.6;    3;   0.0;   0;   10.350;   0;   2.6;  14.5; 1019.30;   16.8;   78.25;   24.4;    9.5;    7.1;eor
       2014;20160907;   10;   6.5;   2.6;    3;   0.0;   0;   12.133;   0;   3.7;  13.7; 1014.70;   19.1;   65.25;   25.5;   11.8;    8.6;eor
       2014;20160908;   10;   9.1;   2.9;    3;   0.0;   0;   11.233;   0;   2.2;  16.8; 1005.69;   21.2;   69.08;   29.0;   13.2;   11.7;eor
       2014;20160909;   10;   9.9;   2.5;    3;   0.0;   0;    9.333;   0;   2.8;  16.6; 1010.20;   18.9;   77.17;   24.2;   14.1;    9.9;eor
       2014;20160910;   10;   7.7;   2.2;    3;   0.0;   0;   10.033;   0;   1.3;  16.9; 1009.19;   20.1;   74.67;   28.8;   12.5;   10.8;eor
       2014;20160911;   10;   7.2;   1.9;    3;   0.0;   0;    9.600;   0;   5.5;  16.2; 1010.75;   20.2;   70.96;   26.2;   14.7;   11.2;eor
       2014;20160912;   10;   6.7;   2.7;    3;   0.0;   0;   11.617;   0;   1.4;  16.3; 1010.93;   22.1;   64.50;   30.8;   13.2;   10.3;eor
       2014;20160913;   10;   9.8;   3.6;    3;   0.0;   0;   11.417;   0;   0.2;  15.7; 1008.95;   23.6;   57.17;   32.0;   16.4;   13.9;eor
       2014;20160914;   10;  10.8;   3.9;    3;   0.0;   0;   11.250;   0;   0.7;  14.8; 1008.37;   22.3;   57.29;   30.4;   15.5;   11.4;eor
       2014;20160915;   10;  12.2;   5.0;    3;   0.0;   0;   11.333;   0;   0.8;  12.7; 1006.69;   20.7;   54.42;   27.6;   14.9;   11.0;eor
       2014;20160916;   10;   7.5;   2.0;    3;   1.2;   6;    0.767;   0;   6.3;  15.5; 1005.75;   17.8;   76.08;   22.3;   14.0;   10.8;eor
       2014;20160917;   10;   7.0;   2.4;    3;   3.9;   6;    0.000;   0;   7.6;  17.3; 1007.74;   16.6;   91.67;   19.1;   14.4;   13.2;eor
       2014;20160918;   10;  10.8;   4.3;    3;   0.0;   0;    9.033;   0;   4.2;  12.6; 1009.61;   15.4;   73.38;   20.5;   11.5;    9.7;eor
       2014;20160919;   10;   4.1;   1.6;    3;   0.0;   0;    0.000;   0;   6.9;  12.1; 1012.14;   12.8;   81.88;   16.4;    9.8;    7.2;eor
       2014;20160920;   10;   7.2;   1.7;    3;   0.0;   0;    5.100;   0;   6.3;  11.1; 1013.21;   13.7;   71.79;   18.4;   10.7;    7.3;eor
       2014;20160921;   10;   6.2;   1.6;    3;   0.0;   0;    5.583;   0;   4.9;  13.0; 1013.53;   14.4;   80.54;   20.2;    6.0;    3.7;eor
       2014;20160922;   10;   3.6;   1.4;    3;   0.0;   0;    6.783;   0;   5.0;  12.8; 1014.44;   15.0;   77.63;   21.8;    9.6;    7.1;eor
       2014;20160923;   10;   8.2;   2.3;    3;   0.0;   0;    4.117;   0;   4.5;  12.8; 1016.20;   15.4;   75.25;   21.7;    9.4;    4.4;eor
       2014;20160924;   10;   7.7;   1.6;    3;   0.0;   0;    8.800;   0;   5.0;  11.7; 1017.22;   14.7;   73.46;   22.4;    6.4;    2.0;eor
       2014;20160925;   10;  10.8;   3.6;    3;   0.0;   0;   10.650;   0;   3.8;  12.2; 1012.08;   17.5;   64.21;   24.9;    9.3;    6.5;eor
       2014;20160926;   10;   5.7;   2.3;    3;   0.0;   6;    1.333;   0;   5.6;  14.5; 1015.59;   15.9;   80.88;   20.1;   12.4;   10.6;eor
       2014;20160927;   10;   5.7;   1.3;    3;   0.0;   0;    9.017;   0;   2.4;  12.8; 1018.30;   15.3;   76.46;   22.0;    8.3;    4.9;eor
       2014;20160928;   10;  14.1;   5.4;    3;   0.0;   0;    1.967;   0;   5.5;  13.1; 1014.66;   18.0;   63.25;   20.8;   14.0;   10.3;eor
       2014;20160929;   10;  15.6;   6.0;    3;   1.6;   6;    6.583;   0;   6.7;  13.9; 1007.18;   19.5;   62.71;   24.2;   13.2;   12.8;eor
       2014;20160930;   10;  10.8;   3.3;    3;   0.1;   6;    3.400;   0;   6.2;  12.7; 1006.07;   14.4;   77.38;   18.2;    9.2;    3.7;eor
       2014;20161001;   10;  10.3;   2.1;    3;   0.3;   6;    0.000;   0;   6.8;  12.7; 1003.02;   12.4;   87.79;   14.0;    9.7;    4.8;eor
       2014;20161002;   10;  14.9;   3.5;    3;   4.4;   6;    1.900;   0;   6.1;  11.9; 1003.97;   12.6;   81.96;   16.9;   10.8;    6.2;eor
       2014;20161003;   10;   7.5;   3.0;    3;   0.0;   6;    1.633;   0;   6.5;  12.5; 1015.93;   11.6;   91.75;   15.6;    8.7;    5.3;eor
       2014;20161004;   10;  11.1;   4.8;    3;   0.0;   0;    8.017;   0;   2.9;  10.6; 1027.10;   12.1;   75.33;   16.5;    7.4;    5.3;eor
       2014;20161005;   10;  11.7;   4.0;    3;   0.0;   6;    5.517;   0;   2.4;   8.1; 1026.33;    8.5;   73.83;   13.6;    3.5;    0.9;eor
       2014;20161006;   10;   9.6;   4.5;    3;   0.0;   6;    0.000;   0;   7.5;  10.2; 1017.05;    9.6;   84.63;   12.0;    7.3;    5.9;eor
       2014;20161007;   10;   9.9;   4.1;    3;   0.6;   6;    1.267;   0;   7.5;  11.7; 1014.38;   11.4;   86.96;   14.9;    6.3;    3.4;eor
       2014;20161008;   10;   9.8;   3.0;    3;   1.8;   6;    1.800;   0;   4.8;   9.4; 1016.79;    7.7;   89.71;   12.1;    2.8;   -0.7;eor
       2014;20161009;   10;   6.7;   1.9;    3;   1.5;   6;    0.033;   0;   5.7;   9.1; 1017.57;    5.9;   96.71;   10.7;    0.3;   -1.4;eor
       2014;20161010;   10;   3.1;   1.4;    3;   0.4;   6;    1.900;   0;   6.0;   9.7; 1016.81;    7.9;   91.42;   12.2;    3.6;    0.6;eor
       2014;20161011;   10;   9.6;   2.4;    3;   1.4;   6;    0.000;   0;   7.5;  10.2; 1014.18;    8.0;   95.13;   11.3;    5.5;    5.3;eor
       2014;20161012;   10;   8.7;   4.5;    3;   0.0;   6;    0.033;   0;   8.0;   9.4; 1015.19;    7.5;   90.83;    9.2;    6.4;    6.0;eor
       2014;20161013;   10;  10.8;   5.7;    3;   0.0;   6;    0.000;   0;   7.8;   9.2; 1013.49;    7.6;   87.79;    9.1;    6.4;    4.8;eor
       2014;20161014;   10;  13.0;   6.6;    3;   0.0;   0;    0.400;   0;   7.5;   8.8; 1005.93;    8.2;   81.29;   10.6;    6.2;    6.0;eor
       2014;20161015;   10;   9.9;   3.1;    3;   0.0;   6;    0.300;   0;   7.5;  11.4; 1005.56;   11.0;   86.42;   14.4;    7.7;    6.7;eor
       2014;20161016;   10;   8.6;   2.7;    3;   0.0;   0;    9.250;   0;   2.1;  11.6; 1014.63;   11.9;   84.63;   17.6;    5.8;    2.7;eor
       2014;20161017;   10;   8.7;   3.1;    3;   0.7;   6;    2.033;   0;   7.0;  13.1; 1014.56;   12.6;   90.00;   17.4;    9.3;    7.9;eor
       2014;20161018;   10;   9.6;   3.0;    3;   2.5;   6;    4.233;   0;   5.9;  12.3; 1011.92;   12.1;   87.96;   16.2;    8.0;    3.5;eor
       2014;20161019;   10;   9.1;   3.9;    3;  29.3;   6;    0.150;   0;   6.6;   9.6; 1005.40;    7.5;   92.13;    9.6;    6.5;    2.6;eor
       2014;20161020;   10;   8.6;   2.9;    3;   1.1;   6;    0.000;   0;   7.4;   9.6; 1005.72;    6.8;   96.83;    8.3;    5.1;    3.3;eor
       2014;20161021;   10;   8.4;   2.6;    3;   5.0;   6;    0.000;   0;   7.8;   9.8; 1005.93;    6.8;   99.17;    8.0;    5.3;    5.1;eor
       2014;20161022;   10;   5.1;   1.7;    3;   0.2;   6;    0.000;   0;   6.8;   9.1; 1006.65;    6.3;   95.21;    8.6;    1.6;   -0.5;eor
       2014;20161023;   10;   7.2;   2.5;    3;   0.0;   0;    7.383;   0;   1.7;   7.3; 1007.78;    4.9;   86.63;   11.2;    0.0;   -2.3;eor
       2014;20161024;   10;   7.7;   3.7;    3;   8.3;   6;    0.000;   0;   8.0;   9.2; 1008.84;    6.1;   97.67;    7.9;    2.4;    1.7;eor
       2014;20161025;   10;   5.7;   2.0;    3;   0.3;   6;    0.000;   0;   6.7;   9.8; 1015.43;    7.0;   97.96;    9.3;    1.5;   -0.2;eor
       2014;20161026;   10;   5.0;   1.2;    3;   0.0;   6;    0.400;   0;   6.6;   8.7; 1021.74;    6.0;   92.58;   10.0;    0.2;   -0.6;eor
       2014;20161027;   10;   8.7;   3.3;    3;   0.0;   0;    0.000;   0;   7.3;  11.6; 1023.08;   10.8;   89.54;   12.5;    8.2;    5.4;eor
       2014;20161028;   10;  11.3;   4.8;    3;   0.7;   6;    0.000;   0;   7.3;  12.9; 1022.37;   12.0;   91.67;   12.8;   10.2;    8.9;eor
       2014;20161029;   10;  11.1;   3.8;    3;   0.0;   0;    3.950;   0;   4.6;  10.0; 1024.77;    9.3;   86.17;   13.5;    5.3;    2.6;eor
       2014;20161030;   10;   5.3;   2.5;    3;   0.1;   6;    0.300;   0;   7.3;  11.2; 1023.28;   10.0;   90.75;   13.0;    7.6;    6.7;eor
       2014;20161031;   10;   5.7;   1.8;    3;   0.0;   6;    0.000;   0;   6.4;  11.5; 1021.19;   10.3;   91.75;   12.7;    5.3;    2.2;eor
       2014;20161101;    7;   9.3;   2.9;    3;   2.2;   6;    0.100;   0;   5.3;  10.4; 1012.02;    8.2;   94.92;   12.0;    4.0;    2.0;eor
       2014;20161102;    7;  18.2;   5.5;    3;   1.3;   6;    2.717;   0;   4.6;   8.4; 1007.70;    6.1;   89.50;    9.4;    2.0;    0.0;eor
       2014;20161103;    7;   5.5;   2.0;    3;   0.1;   6;    0.267;   0;   6.5;   8.3; 1012.79;    5.5;   92.13;    8.4;    2.0;   -0.2;eor
       2014;20161104;    7;   8.6;   3.9;    3;   0.3;   6;    3.833;   0;   7.1;   8.1; 1005.49;    7.2;   80.04;    9.7;    5.3;    3.1;eor
       2014;20161105;    7;   8.6;   3.2;    3;   2.4;   6;    0.000;   0;   6.6;   8.8;  993.21;    6.3;   91.17;    7.9;    4.4;    0.6;eor
       2014;20161106;    7;   9.3;   3.1;    3;   0.5;   6;    0.000;   0;   7.1;   8.3;  991.41;    6.3;   87.17;    7.6;    5.0;    2.1;eor
       2014;20161107;    7;   8.2;   3.4;    3;  15.2;   8;    0.000;   0;   8.0;   7.9;  999.36;    4.2;   95.29;    5.8;    2.1;    2.0;eor
       2014;20161108;    7;   7.2;   3.1;    3;   1.9;   7;    0.000;   3;   6.8;   6.1; 1001.19;    0.1;   98.38;    2.1;   -3.1;   -5.5;eor
       2014;20161109;    7;   6.2;   2.8;    3;   2.5;   8;    3.750;   3;   6.9;   6.2;  998.01;    1.8;   89.25;    4.4;   -1.7;   -2.8;eor
       2014;20161110;    7;   6.7;   2.4;    3;   0.0;   6;    0.000;   0;   7.8;   7.3;  999.07;    2.9;   97.00;    4.0;    2.0;    1.1;eor
       2014;20161111;    7;   8.6;   3.4;    3;   0.0;   0;    0.000;   0;   6.8;   6.0; 1011.78;    0.4;   94.13;    2.3;   -3.3;   -5.9;eor
       2014;20161112;    7;   6.3;   2.8;    3;   0.0;   0;    3.967;   0;   6.1;   5.5; 1019.58;   -0.5;   93.17;    1.6;   -1.6;   -3.0;eor
       2014;20161113;    7;   7.5;   3.3;    3;   0.0;   0;    0.417;   0;   5.1;   5.1; 1021.55;   -0.1;   84.58;    2.7;   -3.3;   -7.3;eor
       2014;20161114;    7;   8.4;   3.3;    3;   0.0;   6;    5.917;   0;   4.4;   4.6; 1024.76;    1.1;   71.79;    4.6;   -5.1;   -9.0;eor
       2014;20161115;    7;   8.6;   4.1;    3;   2.2;   6;    0.000;   0;   8.0;   9.1; 1015.20;    6.3;   93.46;    9.8;    2.8;    2.4;eor
       2014;20161116;    7;  10.1;   4.0;    3;  11.0;   6;    0.183;   0;   7.1;  11.8; 1006.47;   10.3;   94.54;   12.9;    7.4;    5.5;eor
       2014;20161117;    7;  12.2;   4.4;    3;   8.3;   6;    0.700;   0;   6.8;  10.1;  996.44;    9.3;   86.92;   11.9;    7.5;    6.9;eor
       2014;20161118;    7;  15.1;   5.4;    3;   4.8;   6;    2.367;   0;   5.5;   8.6;  990.57;    7.6;   82.46;   11.7;    5.1;    3.5;eor
       2014;20161119;    7;  10.6;   3.9;    3;   1.1;   6;    1.217;   0;   3.4;   7.2;  999.06;    5.7;   77.83;    8.3;    3.4;   -0.5;eor
       2014;20161120;    7;  20.4;   7.9;    3;   0.4;   6;    1.467;   0;   5.1;   8.1;  993.81;    8.8;   70.63;   13.1;    3.5;    0.9;eor
       2014;20161121;    7;  10.3;   4.2;    3;   0.0;   6;    0.483;   0;   6.3;   9.3;  996.40;   12.1;   66.08;   15.4;    8.4;    5.6;eor
       2014;20161122;    7;   8.2;   3.1;    3;   0.0;   6;    0.017;   0;   6.6;   9.9; 1003.59;   12.1;   70.29;   14.4;    8.0;    4.4;eor
       2014;20161123;    7;   3.6;   1.2;    3;   0.0;   6;    2.450;   0;   5.2;   9.7; 1011.57;    7.7;   92.21;   13.2;    2.1;    0.4;eor
       2014;20161124;    7;   7.5;   3.0;    3;   0.0;   0;    1.000;   0;   5.1;   8.1; 1017.47;    4.5;   95.96;    6.3;   -1.1;   -2.9;eor
       2014;20161125;    7;   7.7;   3.6;    3;   0.0;   0;    0.267;   0;   7.8;   6.5; 1018.01;    1.0;   98.54;    2.2;   -0.6;   -0.3;eor
       2014;20161126;    7;   7.5;   2.1;    3;   0.1;   6;    0.000;   0;   8.0;   6.0; 1012.80;    0.0;   98.42;    4.1;   -1.4;   -1.0;eor
       2014;20161127;    7;   7.2;   3.5;    3;   0.1;   6;    4.483;   0;   4.4;   7.5; 1012.19;    3.7;   93.33;    7.2;   -2.7;   -4.9;eor
       2014;20161128;    7;   5.1;   2.2;    3;   0.0;   0;    6.667;   0;   0.5;   4.5; 1023.66;   -2.1;   86.96;    2.6;   -6.8;  -10.1;eor
       2014;20161129;    7;   4.3;   1.4;    3;   0.0;   0;    6.600;   0;   1.5;   4.2; 1027.18;   -3.6;   88.25;    1.6;   -7.9;  -11.3;eor
       2014;20161130;    7;  10.8;   4.4;    3;   0.0;   6;    0.017;   0;   5.6;   5.5; 1020.87;    1.8;   76.92;    5.0;   -3.7;   -7.5;eor
       2014;20161201;    7;  14.6;   7.1;    3;   1.6;   6;    0.000;   0;   7.8;   9.0; 1012.85;    6.6;   92.17;    8.2;    4.8;    4.3;eor
       2014;20161202;    7;  14.7;   4.2;    3;   0.0;   0;    6.450;   0;   2.1;   6.4; 1013.60;    3.6;   80.00;    8.1;   -3.3;   -6.8;eor
       2014;20161203;    7;   2.6;   0.7;    3;   0.0;   0;    6.367;   0;   0.9;   5.3; 1019.20;   -1.0;   93.75;    5.6;   -4.9;   -8.6;eor
       2014;20161204;    7;   3.6;   1.4;    3;   0.0;   0;    6.183;   0;   1.5;   4.8; 1022.36;   -2.4;   93.50;    3.3;   -5.9;   -9.3;eor
       2014;20161205;    7;   2.6;   1.2;    3;   0.0;   0;    6.367;   0;   0.3;   4.2; 1020.18;   -2.8;   86.04;    4.2;   -6.9;  -10.9;eor
       2014;20161206;    7;   6.2;   1.6;    3;   0.0;   0;    6.333;   0;   2.4;   4.3; 1024.20;   -2.8;   86.88;    3.4;   -8.1;  -11.0;eor
       2014;20161207;    7;   7.9;   3.5;    3;   0.0;   6;    0.133;   0;   6.4;   6.0; 1022.72;    2.6;   80.13;    8.9;   -2.3;   -4.5;eor
       2014;20161208;    7;  10.8;   3.9;    3;   1.0;   6;    1.250;   0;   6.9;   6.9; 1018.83;    8.8;   61.13;   11.2;    6.8;    3.6;eor
       2014;20161209;    7;  10.3;   4.5;    3;   0.1;   6;    0.000;   0;   7.3;  10.7; 1018.01;    8.7;   94.75;   11.0;    6.2;    5.4;eor
       2014;20161210;    7;  11.3;   3.9;    3;  14.0;   6;    0.000;   0;   6.7;   9.8; 1013.68;    8.5;   88.21;   10.2;    7.6;    6.0;eor
       2014;20161211;    7;  19.9;   6.3;    3;   1.4;   6;    0.000;   0;   7.7;   9.8; 1007.62;    7.9;   92.38;    9.7;    6.5;    5.7;eor
       2014;20161212;    7;  10.8;   3.7;    3;   1.3;   6;    0.000;   0;   7.8;   9.3; 1016.53;    6.5;   96.08;    7.7;    5.1;    3.6;eor
       2014;20161213;    7;   5.8;   2.5;    3;   2.2;   6;    0.583;   0;   7.3;   8.8; 1016.86;    6.1;   93.25;    7.3;    4.7;    1.3;eor
       2014;20161214;    7;   5.8;   2.3;    3;   0.0;   0;    1.233;   0;   7.3;   9.8; 1017.68;    7.2;   96.21;    8.5;    5.2;    2.8;eor
       2014;20161215;    7;  11.3;   5.0;    3;   0.0;   0;    0.000;   0;   7.9;   7.9; 1021.59;    4.2;   94.08;    7.0;    1.4;    0.5;eor
       2014;20161216;    7;  10.3;   3.7;    3;   0.0;   0;    0.000;   0;   6.1;   5.9; 1023.40;    1.1;   89.13;    3.2;   -3.2;   -5.2;eor
       2014;20161217;    7;   5.7;   1.6;    3;   0.1;   6;    0.000;   0;   5.8;   6.4; 1028.70;    1.0;   96.13;    5.4;   -3.8;   -6.3;eor
       2014;20161218;    7;   8.2;   3.2;    3;   1.4;   6;    0.000;   0;   7.7;   9.1; 1026.08;    5.9;   98.00;    6.5;    5.3;    4.4;eor
       2014;20161219;    7;   8.7;   2.6;    3;   0.0;   0;    0.000;   0;   7.5;   7.9; 1023.44;    4.2;   95.88;    5.8;    2.1;    0.0;eor
       2014;20161220;    7;  10.1;   4.8;    3;   0.0;   0;    0.000;   0;   7.0;   5.8; 1019.20;    0.6;   91.25;    2.3;   -0.5;   -2.5;eor
       2014;20161221;    7;   9.1;   4.5;    3;   0.2;   6;    3.950;   0;   3.7;   5.8; 1018.36;    1.9;   82.96;    4.7;   -0.9;   -5.0;eor
       2014;20161222;    7;   8.2;   3.9;    3;   3.0;   6;    0.000;   0;   7.9;   7.2; 1020.81;    3.3;   92.08;    4.8;    1.9;    1.4;eor
       2014;20161223;    7;  13.0;   4.4;    3;   0.7;   6;    0.333;   0;   6.2;   7.8; 1022.54;    5.2;   88.67;    7.4;    3.6;    1.2;eor
       2014;20161224;    7;  15.6;   6.6;    3;   0.6;   6;    0.433;   0;   7.3;   8.2; 1013.56;    6.8;   82.92;    8.3;    4.7;    4.0;eor
       2014;20161225;    7;  15.9;   6.5;    3;   0.8;   6;    0.000;   0;   8.0;  10.6; 1012.10;    8.9;   92.17;   10.6;    7.3;    6.5;eor
       2014;20161226;    7;  20.4;   8.5;    3;   1.7;   6;    0.617;   0;   5.6;   9.0; 1014.86;    8.2;   79.88;   11.1;    4.8;    3.3;eor
       2014;20161227;    7;  17.7;   8.8;    3;   0.0;   6;    0.417;   0;   6.8;   7.9; 1026.90;    6.8;   79.67;    8.7;    4.8;    3.5;eor
       2014;20161228;    7;  11.3;   3.9;    3;   0.0;   0;    0.000;   0;   7.3;   8.1; 1034.93;    5.5;   89.46;    6.7;    4.0;    2.8;eor
       2014;20161229;    7;   5.7;   1.7;    3;   0.0;   0;    6.117;   0;   3.2;   6.2; 1033.50;    3.2;   80.71;    6.6;   -2.9;   -6.5;eor
       2014;20161230;    7;   6.2;   1.8;    3;   0.0;   0;    6.167;   0;   0.8;   5.4; 1028.90;    0.2;   88.21;    5.3;   -3.9;   -8.2;eor
       2014;20161231;    7;   6.9;   2.8;    3;   0.0;   6;    0.950;   0;   4.4;   6.0; 1022.58;    1.3;   88.54;    4.9;   -3.9;   -7.8;eor
       2014;20170101;    7;   8.7;   3.5;    3;   2.8;   8;    0.000;   0;   7.3;   6.0; 1010.84;    2.0;   84.38;    5.0;   -0.3;   -1.4;eor
       2014;20170102;    7;   8.2;   4.0;    3;   0.3;   8;    0.083;   2;   6.8;   6.4; 1011.31;    1.2;   96.54;    2.6;    0.2;   -0.8;eor
       2014;20170103;    7;  17.7;   6.7;    3;   8.9;   6;    0.000;   0;   7.7;   7.1; 1009.52;    3.0;   92.83;    4.6;    1.7;    0.9;eor
       2014;20170104;    7;  21.8;   8.3;    3;   4.5;   8;    0.250;   0;   5.0;   6.5; 1000.92;    3.1;   83.17;    6.4;   -0.7;   -2.3;eor
       2014;20170105;    7;   8.7;   3.5;    3;   0.0;   0;    4.300;   0;   2.0;   3.5; 1022.89;   -3.5;   73.83;   -0.4;   -8.7;  -12.0;eor
       2014;20170106;    7;   5.7;   1.7;    3;   0.0;   0;    6.367;   0;   2.0;   2.8; 1033.22;   -7.3;   79.92;   -3.8;  -11.0;  -14.2;eor
       2014;20170107;    7;   9.4;   4.3;    3;   0.9;   6;    0.000;   0;   7.7;   4.3; 1022.68;   -2.4;   81.75;    0.3;   -5.4;   -6.6;eor
       2014;20170108;    7;   5.7;   2.3;    3;   0.7;   8;    0.000;   0;   8.0;   6.6; 1021.94;    1.1;  100.00;    1.8;    0.2;   -0.2;eor
       2014;20170109;    7;   8.9;   3.4;    3;   0.0;   6;    0.067;   0;   7.3;   5.7; 1016.40;    1.2;   85.71;    2.3;    0.3;   -0.8;eor
       2014;20170110;    7;  10.8;   4.5;    3;   0.0;   0;    0.000;   0;   7.5;   6.0; 1003.25;    2.3;   83.33;    3.0;    1.1;   -0.1;eor
       2014;20170111;    7;  16.3;   6.6;    3;   4.6;   6;    0.117;   0;   6.4;   6.7;  996.36;    3.6;   84.21;    6.3;    2.1;    1.0;eor
       2014;20170112;    7;  17.5;   6.4;    3;  10.4;   8;    0.433;   0;   6.5;   6.5;  994.99;    4.4;   78.50;    5.9;    1.9;    1.4;eor
       2014;20170113;    7;  12.9;   6.0;    3;   4.4;   8;    0.250;   3;   6.9;   6.2;  984.63;    1.1;   93.83;    2.1;    0.2;   -0.3;eor
       2014;20170114;    7;  15.4;   6.7;    3;   1.5;   8;    2.050;   0;   6.9;   6.4;  997.84;    1.6;   92.92;    3.1;    0.2;   -0.4;eor
       2014;20170115;    7;  10.8;   4.4;    3;   0.1;   7;    0.917;   0;   4.3;   5.4; 1010.02;   -0.8;   93.92;    1.5;   -3.8;   -7.4;eor
       2014;20170116;    7;   3.1;   1.6;    3;   0.0;   0;    0.000;   0;   8.0;   4.6; 1020.37;   -3.8;   99.46;   -2.0;   -5.6;   -6.4;eor
       2014;20170117;    7;   2.7;   1.3;    3;   0.0;   0;    0.000;   0;   7.9;   4.4; 1029.98;   -4.0;   97.79;   -3.0;   -5.0;   -5.1;eor
       2014;20170118;    7;   4.1;   1.3;    3;   0.0;   0;    0.050;   0;   7.1;   4.5; 1033.01;   -2.8;   90.13;   -1.5;   -4.8;   -7.4;eor
       2014;20170119;    7;   4.1;   1.3;    3;   0.0;   0;    5.200;   0;   5.8;   4.3; 1031.18;   -0.7;   75.29;    3.7;   -3.3;   -4.5;eor
       2014;20170120;    7;   5.1;   0.9;    3;   0.0;   6;    6.183;   0;   6.2;   5.4; 1028.71;    0.4;   86.04;    3.8;   -2.3;   -4.8;eor
       2014;20170121;    7;   7.7;   2.3;    3;   0.0;   0;    2.333;   0;   4.6;   5.9; 1024.90;    1.1;   89.63;    4.8;   -2.5;   -4.4;eor
       2014;20170122;    7;   6.2;   2.4;    3;   0.0;   7;    0.000;   0;   5.9;   4.9; 1020.59;   -2.9;   99.17;   -1.7;   -3.9;   -6.0;eor
       2014;20170123;    7;   4.1;   1.8;    3;   0.0;   7;    0.000;   0;   8.0;   5.2; 1018.87;   -2.3;   99.25;   -0.7;   -4.3;   -3.9;eor
       2014;20170124;    7;   4.1;   1.8;    3;   0.0;   0;    0.350;   0;   7.8;   5.7; 1021.78;   -0.3;   95.00;    1.4;   -0.8;   -0.9;eor
       2014;20170125;    7;   5.1;   2.1;    3;   0.0;   7;    0.850;   0;   6.6;   5.2; 1024.77;   -0.6;   89.29;    1.5;   -2.7;   -5.2;eor
       2014;20170126;    7;   9.9;   4.0;    3;   0.0;   0;    5.867;   0;   2.1;   5.0; 1020.76;   -0.7;   86.21;    1.8;   -3.1;   -4.9;eor
       2014;20170127;    7;   9.1;   3.9;    3;   0.0;   0;    6.850;   0;   2.4;   4.4; 1014.38;   -0.1;   73.21;    5.2;   -5.3;   -7.4;eor
       2014;20170128;    7;   5.1;   2.6;    3;   0.0;   6;    7.283;   0;   4.4;   4.8; 1011.06;   -0.3;   81.63;    4.0;   -4.2;   -5.8;eor
       2014;20170129;    7;   8.9;   4.2;    3;   0.0;   6;    2.417;   0;   6.4;   6.2; 1011.75;    4.2;   75.96;    7.0;    2.7;   -0.2;eor
       2014;20170130;    7;   8.7;   4.0;    3;  14.9;   6;    0.000;   0;   8.0;   7.3; 1004.06;    3.4;   93.58;    4.7;    0.8;   -0.6;eor
       2014;20170131;    7;   7.2;   2.6;    3;   0.0;   6;    0.000;   0;   8.0;   6.5; 1009.04;    0.9;   99.08;    1.7;    0.2;    0.0;eor
       2014;20170201;    7;  12.7;   4.5;    3;   0.0;   6;    0.000;   0;   6.9;   6.0; 1011.27;    1.4;   89.21;    2.6;    0.2;   -1.9;eor
       2014;20170202;    7;   7.7;   3.7;    3;   0.0;   6;    4.700;   0;   4.5;   7.4; 1003.14;    4.2;   88.92;    8.5;    0.2;   -1.4;eor
       2014;20170203;    7;   6.7;   2.6;    3;   2.5;   6;    0.000;   0;   6.4;   8.1;  997.69;    4.0;   98.29;    7.4;   -0.4;   -1.5;eor
       2014;20170204;    7;   9.6;   3.1;    3;   0.6;   6;    2.400;   0;   4.8;   7.8;  994.98;    5.6;   86.33;    9.4;    2.3;   -0.1;eor
       2014;20170205;    7;   6.2;   2.5;    3;   0.6;   6;    0.000;   0;   8.0;   7.5;  997.37;    3.0;   99.29;    4.3;    2.0;    1.7;eor
       2014;20170206;    7;   9.8;   3.9;    3;   0.0;   0;    0.000;   0;   7.8;   6.3; 1011.40;    1.2;   93.29;    2.8;   -1.2;   -2.1;eor
       2014;20170207;    7;  11.5;   5.8;    3;   0.2;   7;    0.000;   0;   7.7;   4.7; 1015.10;   -0.8;   80.71;   -0.2;   -1.6;   -2.1;eor
       2014;20170208;    7;   9.6;   5.8;    3;   0.0;   7;    0.000;   0;   8.0;   4.1; 1020.22;   -1.8;   77.13;   -0.9;   -3.2;   -3.2;eor
       2014;20170209;    7;   9.6;   5.2;    3;   0.0;   7;    0.033;   0;   7.5;   3.8; 1023.60;   -2.9;   76.54;   -1.2;   -3.8;   -4.7;eor
       2014;20170210;    7;  11.8;   6.1;    3;   0.0;   7;    0.000;   0;   7.9;   3.9; 1019.02;   -2.7;   77.38;   -0.5;   -4.2;   -3.9;eor
       2014;20170211;    7;  10.8;   5.8;    3;   0.0;   0;    0.000;   0;   7.7;   4.4; 1017.73;   -0.8;   76.21;    0.3;   -2.2;   -3.5;eor
       2014;20170212;    7;  11.1;   5.8;    3;   0.0;   0;    0.000;   0;   6.6;   4.2; 1023.83;   -0.8;   72.13;    0.8;   -3.0;   -4.6;eor
       2014;20170213;    7;   9.6;   5.3;    3;   0.0;   0;    8.383;   0;   0.2;   4.2; 1027.44;   -1.0;   75.08;    4.8;   -4.8;   -6.2;eor
       2014;20170214;    7;   8.2;   3.8;    3;   0.0;   0;    8.483;   0;   0.0;   4.5; 1026.01;   -0.4;   76.50;    5.7;   -5.2;   -7.5;eor
       2014;20170215;    7;   5.1;   1.3;    3;   0.0;   0;    8.667;   0;   0.0;   5.3; 1025.60;    3.2;   71.00;   12.0;   -3.4;   -7.5;eor
       2014;20170216;    7;   8.7;   2.6;    3;   0.0;   6;    3.017;   0;   4.5;   7.6; 1021.00;    6.5;   78.79;   10.9;   -0.4;   -3.2;eor
       2014;20170217;    7;  10.3;   4.0;    3;   1.1;   6;    0.000;   0;   7.3;   8.8; 1015.53;    5.6;   96.29;    6.8;    4.2;    2.0;eor
       2014;20170218;    7;   6.3;   2.9;    3;   0.0;   0;    0.000;   0;   6.5;   7.4; 1018.91;    3.9;   91.25;    5.1;    1.2;   -3.9;eor
       2014;20170219;    7;   8.7;   3.8;    3;   1.1;   6;    0.000;   0;   6.5;   7.5; 1012.84;    4.5;   87.96;    6.6;    0.9;   -3.2;eor
       2014;20170220;    7;  16.3;   6.0;    3;   1.2;   6;    0.000;   0;   8.0;  10.2; 1005.95;    8.1;   94.13;   10.3;    5.9;    5.2;eor
       2014;20170221;    7;  14.6;   6.3;    3;   0.6;   6;    0.783;   0;   6.7;   9.1; 1003.52;    8.1;   83.13;    9.9;    5.4;    1.6;eor
       2014;20170222;    7;  21.3;   7.5;    3;  10.3;   6;    0.000;   0;   8.0;  10.2;  994.96;    8.7;   89.71;   11.0;    6.2;    4.8;eor
       2014;20170223;    7;  21.3;   6.8;    3;  18.5;   6;    0.267;   0;   7.5;   9.0;  986.55;    7.5;   86.58;    9.9;    5.3;    4.3;eor
       2014;20170224;    7;  22.6;   7.1;    3;   1.0;   6;    3.200;   0;   5.2;   6.6;  999.43;    3.3;   85.29;    6.7;    0.8;   -1.2;eor
       2014;20170225;    7;  12.3;   4.2;    3;   1.2;   6;    1.433;   0;   6.1;   6.4; 1010.29;    4.0;   79.79;    7.4;    0.1;   -2.4;eor
       2014;20170226;    7;  11.8;   5.5;    3;   0.0;   6;    0.150;   0;   7.3;   8.4; 1002.74;    8.5;   74.92;   10.7;    6.5;    5.0;eor
       2014;20170227;    7;  16.6;   6.4;    3;   0.6;   6;    2.567;   0;   6.8;   8.6;  993.16;   11.0;   65.54;   14.2;    8.6;    7.6;eor
       2014;20170228;    7;  19.4;   6.5;    3;   0.4;   6;    2.883;   0;   6.4;   6.6;  983.78;    6.7;   68.13;    9.5;    2.6;    1.4;eor
       2014;20170301;    7;  11.1;   4.1;    3;   5.2;   6;    0.700;   0;   6.3;   7.2;  991.25;    4.3;   86.29;    6.8;    1.5;   -1.9;eor
       2014;20170302;    7;  19.0;   6.2;    3;   2.4;   6;    0.000;   0;   6.9;   7.8;  996.48;    5.4;   87.04;    6.6;    3.9;    1.4;eor
       2014;20170303;    7;   8.2;   3.7;    3;   0.0;   6;    4.867;   0;   6.4;   6.7; 1001.37;    7.1;   67.42;   10.6;    3.2;    0.5;eor
       2014;20170304;    7;  12.0;   3.6;    3;   0.1;   6;    3.233;   0;   7.5;   7.9;  988.20;   10.4;   62.46;   16.0;    5.8;    2.4;eor
       2014;20170305;    7;  13.9;   4.9;    3;   0.9;   6;    2.667;   0;   6.9;   8.0;  991.43;    8.5;   72.83;   12.4;    6.1;    3.3;eor
       2014;20170306;    7;   7.9;   2.3;    3;   1.5;   6;    1.217;   0;   7.7;   8.5;  993.76;    6.1;   90.04;    9.1;    4.2;    1.9;eor
       2014;20170307;    7;   6.7;   1.9;    3;   0.0;   6;    0.000;   0;   7.9;   7.2; 1006.26;    3.5;   91.25;    4.3;    2.4;    2.4;eor
       2014;20170308;    7;  15.3;   4.2;    3;   8.7;   6;    0.000;   0;   7.8;   7.8; 1008.62;    5.2;   88.21;    8.1;    2.5;   -0.1;eor
       2014;20170309;    7;  16.3;   4.8;    3;   2.7;   6;    2.317;   0;   6.5;   8.9; 1008.86;    7.4;   86.88;   11.8;    4.3;    1.1;eor
       2014;20170310;    7;  11.8;   4.7;    3;   0.0;   6;    1.033;   0;   6.1;   7.8; 1018.17;    6.6;   80.50;    9.9;    3.2;   -0.4;eor
       2014;20170311;    7;   8.1;   2.7;    3;   0.0;   0;    3.800;   0;   5.5;   7.1; 1017.10;    6.1;   77.08;   11.9;    1.9;   -0.3;eor
       2014;20170312;    7;  11.7;   4.7;    3;   0.0;   0;    7.667;   0;   4.4;   6.4; 1013.57;    4.6;   77.21;    9.4;   -0.6;   -2.4;eor
       2014;20170313;    7;   6.2;   2.7;    3;   0.0;   0;    5.750;   0;   5.3;   6.5; 1017.60;    5.6;   73.38;   12.5;   -1.2;   -3.0;eor
       2014;20170314;    7;  11.5;   4.1;    3;   0.0;   6;    2.083;   0;   7.0;   9.2; 1021.88;    9.1;   79.79;   13.4;    3.9;    2.6;eor
       2014;20170315;    7;  12.5;   4.8;    3;   0.0;   0;    6.833;   0;   6.7;   8.4; 1022.46;    9.1;   73.42;   12.6;    3.0;   -0.6;eor
       2014;20170316;    7;   9.1;   2.5;    3;   0.0;   0;   10.583;   0;   3.9;   7.2; 1015.95;    8.4;   67.67;   15.2;    1.0;   -3.0;eor
       2014;20170317;    7;  14.2;   5.4;    3;   5.3;   6;    1.700;   0;   5.9;   7.3; 1004.55;    7.8;   69.29;   10.5;    4.1;   -0.7;eor
       2014;20170318;    7;  20.1;   7.6;    3;   1.7;   6;    2.483;   0;   6.7;   8.0;  995.91;    6.9;   80.04;   10.6;    2.5;   -0.8;eor
       2014;20170319;    7;  16.8;   4.6;    3;  14.7;   6;    0.000;   0;   7.5;  10.2;  998.38;    7.8;   94.17;   12.3;    2.1;   -2.1;eor
       2014;20170320;    7;  13.2;   5.9;    3;   2.0;   6;    0.000;   0;   8.0;  11.5;  997.88;   10.8;   88.50;   12.5;    9.6;    8.9;eor
       2014;20170321;    7;  13.4;   4.8;    3;   1.2;   6;    2.317;   0;   6.6;   8.3; 1000.60;    7.9;   76.46;   11.5;    2.3;   -2.7;eor
       2014;20170322;    7;   8.7;   3.1;    3;   0.0;   6;    9.617;   0;   5.3;   5.7; 1009.06;    6.4;   61.58;   11.7;    0.8;   -4.3;eor
       2014;20170323;    7;   7.9;   4.4;    3;   0.0;   6;    0.000;   0;   7.2;   7.8; 1012.50;    6.7;   79.38;    9.0;    3.7;    1.3;eor
       2014;20170324;    7;   9.6;   3.1;    3;   0.0;   0;   11.267;   0;   3.3;   6.4; 1023.31;    6.4;   70.33;   13.0;    0.2;   -2.4;eor
       2014;20170325;    7;   8.7;   2.3;    3;   0.0;   0;   10.200;   0;   4.9;   6.2; 1022.72;    6.4;   68.75;   13.8;   -1.5;   -3.7;eor
       2014;20170326;    7;   6.7;   2.1;    3;   0.0;   0;    6.117;   0;   5.5;   7.7; 1019.36;    6.4;   82.58;   12.6;    0.6;   -1.7;eor
       2014;20170327;    7;   5.1;   1.8;    3;   0.0;   0;   11.533;   0;   1.3;   6.4; 1017.80;   10.0;   57.21;   18.6;    1.1;   -1.5;eor
       2014;20170328;    7;  10.5;   2.7;    3;   0.0;   6;   11.550;   0;   2.3;   7.6; 1013.43;   12.3;   55.92;   20.0;    3.1;   -1.1;eor
       2014;20170329;    7;  12.5;   4.4;    3;   0.2;   6;    0.017;   0;   6.8;  10.7; 1015.07;   12.0;   76.00;   13.9;   10.3;    7.2;eor
       2014;20170330;    7;   9.6;   3.0;    3;   0.0;   6;    3.333;   0;   6.5;  11.8; 1016.38;   15.7;   67.71;   21.2;   11.4;    6.2;eor
       2014;20170331;    7;   9.3;   3.7;    3;   0.0;   0;    8.850;   0;   6.2;  10.7; 1007.75;   16.6;   58.46;   23.3;   11.2;    4.8;eor
       2014;20170401;    7;   8.7;   1.9;    3;   8.7;   6;    6.433;   0;   7.2;  12.3; 1004.97;   14.2;   77.67;   20.5;    7.8;    4.5;eor
       2014;20170402;    7;   9.9;   2.7;    3;   0.0;   6;    4.417;   0;   4.4;  10.9; 1011.96;   11.7;   80.63;   17.2;    6.8;    4.1;eor
       2014;20170403;    7;   6.7;   2.5;    3;   0.0;   6;    2.950;   0;   4.8;   8.5; 1019.71;    8.1;   79.79;   11.9;    3.6;   -0.3;eor
       2014;20170404;    7;   7.7;   2.3;    3;   0.0;   0;    7.933;   0;   3.2;   8.0; 1018.03;    8.2;   75.42;   14.0;    2.0;   -1.5;eor
       2014;20170405;    7;  13.4;   4.6;    3;   0.9;   6;    2.800;   0;   6.2;   8.0; 1016.01;    7.6;   77.38;   11.2;    3.2;   -0.3;eor
       2014;20170406;    7;  14.2;   6.1;    3;   0.0;   0;    4.967;   0;   5.9;   7.7; 1017.20;    7.9;   72.79;   12.0;    4.9;    3.7;eor
       2014;20170407;    7;  13.4;   6.6;    3;   0.0;   6;    0.183;   0;   6.9;   9.9; 1014.98;    9.9;   80.21;   13.6;    5.2;    3.8;eor
       2014;20170408;    7;   6.7;   2.6;    3;   0.0;   6;    0.217;   0;   6.5;  10.1; 1017.28;    9.8;   83.67;   13.3;    3.6;   -0.3;eor
       2014;20170409;    7;   4.6;   1.2;    3;   0.0;   0;   11.567;   0;   1.4;   9.5; 1015.77;   11.7;   71.83;   20.1;    1.8;   -1.8;eor
       2014;20170410;    7;  13.4;   5.3;    3;   0.0;   6;    2.533;   0;   5.1;   8.5; 1011.02;   10.3;   67.63;   13.4;    4.7;    2.8;eor
       2014;20170411;    7;  14.1;   4.9;    3;   0.3;   6;    1.883;   0;   7.0;   7.4; 1015.35;    8.0;   69.88;   11.6;    3.5;    1.9;eor
       2014;20170412;    7;  14.2;   6.0;    3;   5.5;   6;    0.033;   0;   7.8;   8.9; 1005.87;    9.5;   75.50;   12.1;    7.7;    6.9;eor
       2014;20170413;    7;  14.7;   5.6;    3;   0.3;   6;    1.183;   0;   6.4;   8.0; 1004.82;    8.2;   74.08;   12.0;    4.4;    1.4;eor
       2014;20170414;    7;  11.8;   3.8;    3;   1.5;   6;    5.167;   0;   5.3;   7.7; 1007.62;    7.6;   74.58;   11.8;    3.2;    0.6;eor
       2014;20170415;    7;  18.3;   6.3;    3;   1.3;   6;    3.567;   0;   6.0;   7.9; 1004.06;    8.3;   72.58;   11.9;    5.0;    3.3;eor
       2014;20170416;    7;  12.7;   5.1;    3;   5.6;   8;    4.467;   0;   5.1;   7.4; 1008.75;    6.5;   77.67;   11.8;    4.1;    2.4;eor
       2014;20170417;    7;  15.3;   3.1;    3;   3.0;   8;    4.483;   0;   5.1;   7.2; 1009.35;    5.1;   82.58;   10.0;    1.0;   -1.1;eor
       2014;20170418;    7;  12.9;   4.2;    3;   0.0;   6;    0.333;   0;   5.8;   5.9; 1018.21;    3.5;   75.29;    7.4;   -0.4;   -3.0;eor
       2014;20170419;    7;  10.3;   3.3;    3;   0.0;   0;    6.550;   0;   3.2;   4.7; 1027.96;    2.9;   64.38;    8.0;   -2.1;   -5.3;eor
       2014;20170420;    7;   7.2;   1.9;    3;   0.0;   0;   10.717;   0;   4.9;   4.7; 1027.70;    4.6;   58.04;   10.6;   -4.1;   -7.6;eor
       2014;20170421;    7;  18.7;   5.1;    3;   2.0;   6;    0.767;   0;   7.0;   8.3; 1018.65;    9.6;   67.79;   13.8;    4.8;    1.7;eor
       2014;20170422;    7;  16.1;   6.5;    3;   0.0;   6;    4.217;   0;   4.8;   6.9; 1014.25;    6.5;   72.38;   10.4;    3.1;    1.2;eor
       2014;20170423;    7;  12.3;   5.6;    3;   0.1;   6;    2.933;   0;   5.4;   6.5; 1014.87;    5.2;   73.88;    9.8;    1.0;   -3.2;eor
       2014;20170424;    7;  14.1;   4.6;    3;   3.1;   6;    2.867;   0;   5.6;   7.5; 1005.94;    8.0;   70.75;   14.2;    1.2;   -3.6;eor
       2014;20170425;    7;  15.3;   4.4;    3;   0.7;   6;    5.183;   0;   5.3;   7.1;  998.93;    5.6;   78.13;   10.1;    2.3;   -1.5;eor
       2014;20170426;    7;  12.2;   2.9;    3;   0.0;   6;   10.233;   0;   3.6;   6.0; 1004.61;    5.3;   68.96;   10.6;   -0.3;   -3.7;eor
       2014;20170427;    7;  10.1;   2.7;    3;   0.0;   6;    7.583;   0;   3.5;   5.7; 1007.60;    5.7;   65.21;   11.5;   -1.6;   -4.8;eor
       2014;20170428;    7;  13.5;   2.9;    3;   0.4;   6;    5.567;   0;   5.0;   7.2; 1006.52;    6.7;   73.21;   12.2;    0.1;   -3.9;eor
       2014;20170429;    7;   9.3;   2.9;    3;   0.0;   0;    5.350;   0;   4.5;   6.6; 1010.45;    7.1;   67.25;   11.7;    2.3;   -1.5;eor
       2014;20170430;    7;  16.3;   6.3;    3;   0.0;   0;   13.683;   0;   1.9;   5.8; 1008.99;    9.3;   53.63;   15.7;   -0.7;   -2.8;eor
       2014;20170501;    3;  12.3;   5.8;    3;   0.1;   6;    6.850;   0;   6.4;   7.7; 1005.70;   11.4;   57.79;   16.2;    4.8;    3.6;eor
       2014;20170502;    3;  14.1;   5.4;    3;   7.0;   6;    0.000;   0;   7.8;   9.3; 1009.45;    9.3;   80.38;   11.7;    7.8;    7.2;eor
       2014;20170503;    3;  10.6;   4.8;    3;   0.0;   6;    4.083;   0;   7.3;  10.4; 1013.81;   11.7;   76.67;   16.2;    8.2;    7.7;eor
       2014;20170504;    3;  10.8;   4.7;    3;   2.0;   6;    0.067;   0;   7.8;   9.2; 1013.25;    8.0;   86.17;    9.4;    6.7;    5.5;eor
       2014;20170505;    3;   6.0;   2.3;    3;   0.0;   6;    0.000;   0;   8.0;   9.8; 1013.39;    7.8;   92.96;    9.1;    6.4;    6.2;eor
       2014;20170506;    3;  11.0;   3.6;    3;   0.0;   0;    2.167;   0;   6.9;  11.4; 1008.06;   11.5;   83.96;   15.4;    7.7;    7.0;eor
       2014;20170507;    3;   8.9;   3.0;    3;   0.0;   6;    3.300;   0;   6.3;  11.1; 1006.38;   13.3;   74.33;   19.0;    7.4;    6.4;eor
       2014;20170508;    3;  10.1;   4.3;    3;   0.4;   6;    1.050;   0;   6.4;   8.7; 1011.06;    7.8;   81.92;   11.5;    0.9;   -2.1;eor
       2014;20170509;    3;   8.2;   2.5;    3;   0.0;   0;    7.583;   0;   4.9;   5.9; 1011.86;    6.7;   62.50;   12.2;   -1.0;   -3.4;eor
       2014;20170510;    3;   8.6;   2.7;    3;   0.0;   0;    6.317;   0;   6.0;   7.2; 1003.00;    7.1;   72.33;   12.3;    2.0;   -1.2;eor
       2014;20170511;    3;  10.1;   4.4;    3;   2.0;   6;   11.500;   0;   4.1;   8.8;  995.76;   12.7;   62.38;   21.4;    1.3;   -1.1;eor
       2014;20170512;    3;   6.3;   2.2;    3;   0.4;   6;    2.167;   0;   7.4;  13.7;  995.96;   15.3;   78.92;   20.2;   11.1;    7.6;eor
       2014;20170513;    3;   9.3;   2.6;    3;   0.5;   6;    7.567;   0;   6.1;  13.9; 1003.47;   16.1;   77.71;   23.2;    8.6;    6.5;eor
       2014;20170514;    3;  11.8;   2.2;    3;   0.0;   6;    7.417;   0;   5.0;  12.6; 1012.95;   16.4;   70.63;   22.2;    9.9;    6.6;eor
       2014;20170515;    3;   8.2;   2.6;    3;   0.0;   6;   12.217;   0;   4.0;  10.5; 1021.10;   15.4;   62.67;   20.7;   10.2;    8.6;eor
       2014;20170516;    3;   7.2;   2.9;    3;   0.0;   6;    0.300;   0;   7.5;  12.4; 1020.57;   18.2;   59.54;   21.9;   14.3;   10.1;eor
       2014;20170517;    3;  11.1;   4.1;    3;   0.0;   0;   11.317;   0;   5.0;  14.7; 1013.18;   22.3;   55.58;   27.5;   16.7;   15.8;eor
       2014;20170518;    3;   9.4;   3.2;    3;   5.9;   6;    7.400;   0;   6.6;  17.1; 1004.22;   20.3;   73.04;   26.1;   16.0;   14.4;eor
       2014;20170519;    3;  12.3;   4.2;    3;   2.2;   6;    1.000;   0;   7.5;  15.9; 1003.58;   16.0;   87.42;   20.6;   10.8;   10.3;eor
       2014;20170520;    3;   8.9;   3.4;    3;   0.0;   0;   12.000;   0;   3.9;  11.1; 1013.40;   14.2;   70.42;   19.0;    8.7;    3.7;eor
       2014;20170521;    1;   6.5;   1.6;    3;   0.0;   0;   12.983;   0;   3.7;   9.8; 1019.14;   14.5;   63.21;   21.0;    5.7;    2.0;eor
       2014;20170522;    1;   6.2;   2.1;    1;   0.0;   0;    9.417;   0;   4.0;  10.6; 1013.50;   16.1;   61.04;   22.4;    7.0;    2.9;eor
       2014;20170523;    1;  14.7;   4.2;    1;   0.0;   6;    5.283;   0;   5.5;  12.3; 1009.45;   17.4;   62.42;   23.8;   11.0;    9.6;eor
       2014;20170524;    1;  11.8;   4.5;    1;   0.0;   6;    5.383;   0;   6.0;  10.4; 1014.88;   13.8;   67.08;   17.9;    8.7;    6.9;eor
       2014;20170525;    1;  11.3;   4.4;    1;   0.0;   6;    6.717;   0;   4.3;  12.6; 1016.00;   14.4;   77.88;   20.4;    8.9;    6.2;eor
       2014;20170526;    1;   7.2;   2.4;    1;   0.0;   0;   10.200;   0;   3.5;  14.6; 1015.23;   18.0;   73.08;   25.4;   11.3;    9.9;eor
       2014;20170527;    1;  11.1;   4.0;    1;   0.0;   0;   15.067;   0;   0.5;  14.0; 1013.57;   21.0;   58.79;   26.9;   12.0;    6.8;eor
       2014;20170528;    1;  13.0;   3.2;    1;   0.9;   6;   10.783;   0;   4.7;  16.5; 1010.60;   21.8;   63.04;   26.7;   16.7;   13.5;eor
       2014;20170529;    1;   6.7;   2.0;    1;   0.8;   6;    9.367;   0;   5.3;  17.9; 1006.26;   21.8;   70.13;   31.2;   13.7;   10.5;eor
       2014;20170530;    1;  12.3;   3.5;    1;   9.4;   8;    4.833;   0;   5.2;  19.5; 1005.25;   20.4;   81.83;   26.1;   16.0;   14.1;eor
       2014;20170531;    1;  12.7;   5.0;    1;   0.0;   0;   11.767;   0;   3.2;  12.5; 1012.87;   16.9;   66.17;   22.4;    8.4;    3.4;eor
       2014;20170601;    1;   6.2;   1.9;    1;   0.0;   0;   15.100;   0;   3.2;   9.5; 1015.08;   14.7;   60.71;   22.8;    5.7;    0.8;eor
       2014;20170602;    1;   7.7;   2.1;    1;   0.1;   6;   13.817;   0;   2.9;  10.5; 1010.60;   18.8;   51.33;   26.8;    7.6;    2.8;eor
       2014;20170603;    1;   8.7;   2.8;    1;   3.2;   6;    3.117;   0;   7.2;  14.9; 1005.37;   19.8;   63.71;   24.5;   14.6;   13.4;eor
       2014;20170604;    1;  13.2;   4.8;    1;   0.8;   6;    4.333;   0;   6.7;  13.9; 1005.48;   16.8;   73.88;   21.9;   11.5;    8.1;eor
       2014;20170605;    1;  10.1;   2.6;    1;   0.0;   0;   12.800;   0;   4.5;  11.8; 1006.38;   16.5;   66.04;   21.7;    9.7;    4.9;eor
       2014;20170606;    1;  14.2;   4.8;    1;   0.8;   6;    7.333;   0;   6.2;  12.6;  995.95;   16.4;   67.79;   21.9;   11.7;   10.1;eor
       2014;20170607;    1;  16.1;   6.1;    1;   2.4;   6;    2.217;   0;   6.6;  10.5; 1002.23;   12.9;   70.58;   17.5;   11.0;    9.6;eor
       2014;20170608;    1;   9.9;   4.4;    1;   0.6;   6;    1.367;   0;   6.7;  12.5; 1008.27;   16.2;   68.08;   21.8;   11.1;   10.7;eor
       2014;20170609;    1;  21.1;   4.0;    1;   4.9;   6;    4.467;   0;   5.7;  13.5; 1005.16;   17.4;   69.54;   23.7;   11.6;    7.1;eor
       2014;20170610;    1;   9.1;   2.6;    1;   0.0;   0;    7.300;   0;   4.4;  13.1; 1012.40;   17.1;   69.21;   22.0;    9.8;    5.1;eor
       2014;20170611;    1;  10.8;   3.1;    1;   0.4;   6;    5.867;   0;   5.7;  16.1; 1008.87;   20.9;   66.67;   27.4;   15.0;   10.1;eor
       2014;20170612;    1;  14.2;   6.0;    1;   0.0;   6;    4.900;   0;   5.5;  12.9; 1006.41;   17.2;   65.54;   19.0;   15.1;   14.6;eor
       2014;20170613;    1;  11.8;   4.6;    1;   0.0;   6;    3.467;   0;   5.4;  12.3; 1010.43;   15.9;   68.83;   20.2;    9.7;    4.2;eor
       2014;20170614;    1;   7.4;   1.9;    1;   0.0;   0;   14.800;   0;   3.3;  12.1; 1012.59;   16.3;   68.08;   23.6;    7.1;    2.6;eor
       2014;20170615;    1;  11.8;   3.3;    1;   4.3;   6;    8.367;   0;   6.0;  15.2; 1007.68;   19.7;   68.92;   27.7;   11.4;    9.1;eor
       2014;20170616;    1;  15.9;   6.0;    1;   0.0;   6;    1.767;   0;   6.0;  13.5; 1010.02;   16.4;   72.88;   21.0;   12.0;   10.5;eor
       2014;20170617;    1;  11.3;   4.8;    1;   0.0;   6;    5.567;   0;   5.3;  14.1; 1016.53;   15.8;   78.50;   20.1;   10.8;    9.4;eor
       2014;20170618;    1;-999;-999;    1;   0.0;   0;   11.317;   0;   3.8;  16.9; 1017.80;   20.1;   73.92;   27.0;   12.7;    9.2;eor
       2014;20170619;    1;-999;-999;    1;   0.0;   0;   15.200;   0;   1.3;  16.8; 1013.40;   23.4;   62.13;   29.9;   15.6;   12.5;eor
       2014;20170620;    1;   9.4;   3.3;    1;   0.0;   0;   12.650;   0;   5.2;  16.2; 1010.59;   20.8;   66.96;   27.5;   11.8;    8.8;eor
